"ID"	"F1_2"	"F3"	"F4"	"F5"	"F6"	"F7"	"F8"	"F9"	"F10"	"F11"	"F12"	"F13"	"F14"	"F15"	"F16"	"F17"	"F18"	"F19"	"Gene"	"new_Gene"	"Feature.Subtype"	"Sample"
"hemA(alr1042)"	"hemA_rnase"	1.34778474787801	11.4992561705837	34.1206161415552	22.3911899176072	8.32149857223031	4.55874055091149	2.41533887336749	1.86996303319081	1.06595263053098	1.08783931189259	0.905726564436287	0.738521836458559	0.898296725815049	0.747441553045581	1.1762422205724	1.27454637466217	1.69670312564976	3.88434164961251	"hemA"	"hemA(alr1042)"	"Protein"	"rnase"
"hetY(alr2300)"	"hetY_rnase"	2.73253785452507	9.56162102400864	22.8992439130693	18.3187793261077	10.8458464236876	6.86486048664152	3.57314131916972	3.96338146087248	2.15686937823627	1.36578800311502	1.14787260604166	1.73501202128799	1.78268803452141	1.72884533026501	1.4883925158707	5.62301855572957	1.50840805662757	2.70369369022284	"hetY"	"hetY(alr2300)"	"Protein"	"rnase"
"alr2298"	"alr2298_rnase"	7.09953932620988	13.1036245795385	18.0246148759765	17.6539692988633	11.1025385125144	7.26924645176412	4.03939526181194	3.02069342875603	2.11164941996207	1.74967577083583	1.55894019998741	1.46518822424204	1.55325885787543	1.38212769620416	1.6780026486783	1.74658382919624	2.0847093122121	3.35624230537168	"alr2298"	"alr2298"	"Protein"	"rnase"
"rbcX(alr1525)"	"rbcX_rnase"	5.1557399800941	27.3502459880053	26.6352757542678	9.27167133279164	3.76495723653645	2.56867266534013	1.85569699840653	2.22488934027288	1.91729117218206	1.85446900657235	1.52533406729532	1.18190942665698	1.55189916421519	1.78158126521519	3.03267103585775	2.46579481030165	3.09009793856947	2.77180281741926	"rbcX"	"rbcX(alr1525)"	"Protein"	"rnase"
"nifH(all1455)"	"nifH_rnase"	2.66617950745614	17.6549342856327	24.5233138507322	16.6351794859575	8.03046702518382	5.01107814245911	4.4118224145979	2.02477780612619	1.30417683220237	1.23423918853045	1.06825367248849	0.970725027139957	0.889646269281381	1.76111165510475	1.82315101225586	2.25500119882161	2.60151363058152	5.13442899544808	"nifH"	"nifH(all1455)"	"Protein"	"rnase"
"nifK(all1440)"	"nifK_rnase"	1.29809509676975	11.4505531352514	19.8368734395049	19.5154101592613	18.096148021305	14.275697565968	5.49662909877966	2.20859614655375	1.06742984413943	0.912073188038069	0.698004147337041	0.551797567403378	0.480012195774745	0.367665687656847	0.541336486231592	0.675693404176311	0.721061367483213	1.80692344836549	"nifK"	"nifK(all1440)"	"Protein"	"rnase"
"rbcL(alr1524)"	"rbcL_rnase"	0.106567343860819	0.576434947876734	1.65210653537532	2.05951444698694	1.25671224909058	0.870073873868481	1.7537061309475	5.94739835186928	41.6231798927851	19.9041103722257	5.10447701205994	2.98811848697795	2.12445338742813	2.67728780905351	3.39750794308969	2.63117678154093	2.81666858685282	2.51050584811054	"rbcL"	"rbcL(alr1524)"	"Protein"	"rnase"
"glnA(alr2328)"	"glnA_rnase"	0.249299871166116	0.87266441568279	1.11637809683136	0.857242063477923	0.54144025546916	0.418716478615703	0.395037432573222	1.29189188804474	3.23907246306647	32.2851084850253	43.1377605530292	10.2346576345969	2.36651764473926	1.11392956412636	0.669765685334425	0.394516993041114	0.341372374091698	0.474628101088259	"glnA"	"glnA(alr2328)"	"Protein"	"rnase"
"hanA(asr3935)"	"hanA_rnase"	17.9876914704918	45.578110933128	23.325890664769	8.10228611310543	2.13292669852432	1.08022683759586	0.512237997250166	0.317783389853249	0.138013782976143	0.110356714332429	0.0632388971111659	0.0818974433965555	0.0537980842550407	0.0600811348049698	0.0752405782658369	0.0964951490357015	0.0832535791599125	0.20047053194442	"hanA"	"hanA(asr3935)"	"Protein"	"rnase"
"rbcS(alr1526)"	"rbcS_rnase"	1.01689302336502	5.8103844003977	8.83757066529829	10.5851419453814	10.8416926605714	12.825121578344	14.1114092305532	14.5240310722546	11.6143511592487	4.15612111337796	1.25945278148421	0.77151929392437	0.464551195211895	0.406315630257133	0.437525650116981	0.581715101781887	0.536389298941922	1.21981419948942	"rbcS"	"rbcS(alr1526)"	"Protein"	"rnase"
"atpB(all5039)"	"atpB_rnase"	0.681095539038899	8.82777351897398	9.0899232147019	4.45502061236702	3.65489987356404	4.71481711070253	13.4611179918591	25.5251268930721	7.93856019565158	4.97872366434215	3.35190178160729	2.81854360228125	2.17651706359573	2.2395504833763	2.15300012760791	1.54643796460558	1.24590212671018	1.14108823594247	"atpB"	"atpB(all5039)"	"Protein"	"rnase"
"atpE(all5038)"	"atpE_rnase"	3.30212170024616	8.07714739066845	7.55659141630099	7.77311903259646	8.87411646349494	5.31497500270631	10.4105633088265	23.9943159069494	6.50144992205167	3.92781016827247	2.23641010246661	2.16956727472385	1.72199931264932	1.9331802389045	2.00257069204431	1.49573900939399	1.35850926285778	1.34981379484626	"atpE"	"atpE(all5038)"	"Protein"	"rnase"
"cpcB(alr0528)"	"cpcB_rnase"	0.40674191021714	5.27032022178573	9.66718645912936	12.2407814372274	14.9476623919792	23.5199795682104	22.0472659520855	7.89102971609587	1.81081771795011	0.691027442681434	0.331097288136546	0.236454402510456	0.14799240035182	0.176811931296535	0.174276858336118	0.147631535578584	0.151343857743318	0.141578908684439	"cpcB"	"cpcB(alr0528)"	"Protein"	"rnase"
"cpcA(alr0529)"	"cpcA_rnase"	0.568049926083413	6.47965616401469	10.8450214738342	13.3328876770213	15.4804608255759	21.3895068326131	19.4775678049162	7.79074312533186	2.18884226990289	0.788004745069657	0.365226794218758	0.256405106529541	0.18432059071398	0.178238158317247	0.196066070531911	0.149974576279539	0.157939525198272	0.171088333847583	"cpcA"	"cpcA(alr0529)"	"Protein"	"rnase"
"cpcC(alr0530)"	"cpcC_rnase"	0.246952453471451	1.65685742872482	4.88967096817545	8.31466347531837	13.936990547258	21.1845104529017	17.5129210696861	13.0364774101725	3.71414044903219	1.65993154422572	1.03842598068047	1.09805210329196	1.07798313598775	1.58217752575435	2.26201628322875	2.02080305173336	2.3054110391889	2.46201508116816	"cpcC"	"cpcC(alr0530)"	"Protein"	"rnase"
"cpcD(asr0531)"	"cpcD_rnase"	2.42204731965881	10.7661949876063	18.9024087967423	22.3959691442316	14.4433438396999	12.7813284970487	11.911470680076	3.4218329052153	0.803468755543446	0.343564377899901	0.192287383395891	0.160996470396487	0.161860955939407	0.140177394713503	0.163742040779902	0.200732131723725	0.285539478400483	0.503034840928438	"cpcD"	"cpcD(asr0531)"	"Protein"	"rnase"
"cpcE(alr0532)"	"cpcE_rnase"	2.14216569085799	29.7008030846748	36.3206949966116	13.4253728054536	4.92190039657325	2.57230188231126	1.40639889167979	1.35382762846767	0.825007415350652	0.804807165304808	0.707624025182698	0.658197779904202	0.683412999298821	0.64058176326352	0.751163717736565	0.66993474536847	0.794957273167941	1.62084773879246	"cpcE"	"cpcE(alr0532)"	"Protein"	"rnase"
"petB(alr3421)"	"petB_rnase"	1.93606476931133	5.87161811902172	11.3613258356991	21.4525936524914	15.4120367166286	20.4043508428897	10.5536304206707	4.06972116575046	2.02964992761529	1.0912977889074	0.877292618365809	0.636257397521268	0.782487331291141	0.51311021933988	0.585103898533038	0.614701834739149	0.677959500081762	1.13079796114239	"petB"	"petB(alr3421)"	"Protein"	"rnase"
"petF(all4148)"	"petF_rnase"	32.0506904760443	45.3571401960636	15.0661492671083	5.09940117635098	1.11278522458944	0.448205236211183	0.171441965962161	0.153022933251511	0.0913985824742638	0.0678825603335521	0.047068284853471	0.0397405986213466	0.0358242725379837	0.0267189131928131	0.0444757753174099	0.035172878614776	0.0405262119031515	0.11235544656967	"petF"	"petF(all4148)"	"Protein"	"rnase"
"isiB(alr2405)"	"isiB_rnase"	17.6564035232993	52.7161542845261	20.5032008200479	6.52165080114622	1.52512810865703	0.499436958624305	0.219267068183257	0.146597082235792	0.0442054096635802	0.0276632871061543	0.0172059178615509	0.0176761355882419	0.0187707360890158	0.0133963161094432	0.0159990007545667	0.0157309165863388	0.0159846418800183	0.025528991641199	"isiB"	"isiB(alr2405)"	"Protein"	"rnase"
"cytA(alr4251)"	"cytA_rnase"	26.8173732622858	30.5839171620669	19.3417883249953	9.98777554469053	3.4310034726506	2.01110608445703	1.26474365636847	1.14097832838471	0.75640745596751	0.733195928326246	0.595114722372849	0.53090435600388	0.487194752884136	0.295971492248197	0.489648969646601	0.423026167051939	0.484913745650326	0.624936573948946	"cytA"	"cytA(alr4251)"	"Protein"	"rnase"
"psaC(asr3463)"	"psaC_rnase"	1.03181463748914	2.84483052562042	3.67093520646901	2.26700636779445	1.31567962884524	3.17776970828176	11.5357178990167	13.1624403071242	7.17692149953579	5.06696493847431	3.88612603814836	3.48789449216001	3.57039931516915	4.91697982186583	7.66353422932541	7.24727073964465	8.21194396357649	9.76577068145909	"psaC"	"psaC(asr3463)"	"Protein"	"rnase"
"avaIR(all3631)"	"avaIR_rnase"	1.53746112562506	8.5390175306373	36.9414607716112	25.6168597518947	8.80921076605765	4.29164905020058	2.61598227870859	2.34753103635881	1.32460254269711	1.22194830821917	0.860752634589413	0.782545660334534	0.887174407435936	0.672787628371994	0.767168695349254	0.797026585235342	0.817206692856338	1.16961453381704	"avaIR"	"avaIR(all3631)"	"Protein"	"rnase"
"rpsU1(asr0742)"	"rpsU1_rnase"	1.12999194069906	2.53782590718774	2.8138729021102	2.67357978775093	1.22040752187267	0.96859744755988	0.696735926207099	0.725281184296163	0.645803748106833	0.922104308299254	1.1115775963697	1.22312148790188	2.70776720215243	8.90694007826663	34.7237896630119	13.8379290803343	12.8138798896615	10.3407943282118	"rpsU1"	"rpsU1(asr0742)"	"Protein"	"rnase"
"ssb1(alr0088)"	"ssb1_rnase"	1.13293336191394	16.3062283892872	36.6232363592776	19.550794634233	7.77483181471836	4.80986520698515	3.40702151595315	2.53843489458744	1.38300318049641	0.933545986773901	0.628096741212675	0.542550364855032	0.552245278401628	0.534584388504207	0.699845294054489	0.749417361198386	0.832748975893612	1.00061625165385	"ssb1"	"ssb1(alr0088)"	"Protein"	"rnase"
"trxM1(alr0052)"	"trxM1_rnase"	34.5990222880858	33.6854044209136	16.9660345987105	7.0570655286599	2.09242572285128	1.08533314883584	0.620944013673717	0.464962877131304	0.275379351895639	0.234649653959871	0.205002563935286	0.215273161749782	0.169588699094169	0.152978644302088	0.204389846715964	0.293718077877044	0.420611077858335	1.25721632374979	"trxM1"	"trxM1(alr0052)"	"Protein"	"rnase"
"ntcA(alr4392)"	"ntcA_rnase"	2.24247796185329	25.0522037196573	31.627595674878	15.2252316426393	6.71586549444599	4.11424861561864	2.15831995576209	1.53490978569735	0.960218872133002	0.892035152599551	0.676168678722484	0.75472611812668	0.91116076671798	0.735550651390843	1.07925277069846	1.30019448060135	1.36708228863196	2.65275736982584	"ntcA"	"ntcA(alr4392)"	"Protein"	"rnase"
"atpI(all0010)"	"atpI_rnase"	1.10788963765408	9.84927682101605	32.060936676814	21.2199958052193	9.87189254767446	5.03848631766555	2.13002093372442	1.39686499196896	1.26458400000702	1.12869399967068	1.27257874351675	1.25107837925255	1.49934300791729	1.85209922152953	2.36690197631067	2.33128157123909	2.21601076263567	2.14206460618387	"atpI"	"atpI(all0010)"	"Protein"	"rnase"
"atpA(all0005)"	"atpA_rnase"	0.260670884992546	2.69138471524329	7.82795800261227	5.97434857494908	3.58123672918553	3.16878410538759	12.0807700873872	27.8071526555227	8.32127213079734	4.84912411859774	3.36979659503845	3.06498655442417	2.57827242286161	3.21197223106324	3.96356063841991	2.68494836741348	2.42376619331524	2.13999499278854	"atpA"	"atpA(all0005)"	"Protein"	"rnase"
"atpD(all0006)"	"atpD_rnase"	2.42212984309464	20.0279713872289	22.1359676686947	9.20382451658162	3.07724805387088	1.99138393774756	2.3878622989161	6.3602944184314	4.0500323153327	3.65409174679608	3.19140977141013	3.484222094719	3.28646187436152	3.36135632173651	3.38814244122854	2.91092479855163	2.6521406600124	2.41453585128567	"atpD"	"atpD(all0006)"	"Protein"	"rnase"
"atpF(all0007)"	"atpF_rnase"	1.16019465314722	15.3312057051603	36.2267350461136	18.0116853492052	6.28589121161736	3.03028351206565	1.42531263263105	1.14467894155714	1.17912957847519	1.37223521321728	1.30099286981802	1.42787417597009	1.49745581800792	1.86634825558849	2.14070528808544	2.13496449434083	2.3694363863279	2.09487086867137	"atpF"	"atpF(all0007)"	"Protein"	"rnase"
"atpC(all0004)"	"atpC_rnase"	0.75184578657776	2.74105773279652	5.59584429785809	7.15368860104522	8.07481952942943	5.10501739440558	10.8132561349643	25.8856225620856	7.14559250332715	4.64284279553679	3.59518256087345	3.39749102192689	2.660948131807	2.85250866958123	3.04161784528293	2.36010691882428	2.28034066063643	1.90221685304135	"atpC"	"atpC(all0004)"	"Protein"	"rnase"
"atpG(all0008)"	"atpG_rnase"	1.57845092584369	13.0031945918904	28.0061963750313	16.2829390471481	6.75577867351234	3.22779850169535	1.60585947120578	1.64968328145824	1.8175052961019	2.02262634575821	2.08007471590314	2.35825463634142	2.59418378566984	3.13639658351588	3.89751698347872	3.34737828740135	3.48043657297732	3.15572592506703	"atpG"	"atpG(all0008)"	"Protein"	"rnase"
"nifS(all1457)"	"nifS_rnase"	1.99038590952663	16.4433227791421	33.6181092339976	19.6923543789786	8.76573077894754	4.9594839730268	2.27659042544589	2.0138764124984	1.36636315667794	1.04713976177798	0.964661916086365	0.963217627416593	0.82269607332143	0.573803459911025	0.918324028025805	1.12060066951627	0.867427697636332	1.59591171806677	"nifS"	"nifS(all1457)"	"Protein"	"rnase"
"psbO(all3854)"	"psbO_rnase"	1.46378357917395	28.8965373939887	41.5709440673603	16.4548824256895	5.18949363249108	2.28693600412444	1.016777949327	0.523091199691016	0.283497524943019	0.201001020611426	0.164635378206049	0.169790434149206	0.166092105884531	0.199264698868527	0.268736702835403	0.376268380260116	0.352578495071949	0.415689007323808	"psbO"	"psbO(all3854)"	"Protein"	"rnase"
"hesB(all1431)"	"hesB_rnase"	18.6297275264263	36.5224103165062	19.1136161450926	9.23063552035374	3.58828708123437	2.40155678689151	1.42107401291965	1.34740570372929	1.34915543888039	0.947687488672078	1.4054579126752	1.81646177732138	0.653663089689037	0.129494812759976	0.12334900899272	0.155282018155726	0.169949981435371	0.994785378264568	"hesB"	"hesB(all1431)"	"Protein"	"rnase"
"psbB(all0138)"	"psbB_rnase"	0.38757133285594	1.31652714758845	3.98762450128918	8.34607746414133	6.84181453795357	21.5053179438258	25.6706352341234	12.9011031478783	5.35564479628168	2.94335763596971	1.70388285570762	1.24480410296997	0.942763403099099	1.15645326797779	1.40483497903878	1.27392488600403	1.43317583078947	1.58448693250586	"psbB"	"psbB(all0138)"	"Protein"	"rnase"
"trxX(all2341)"	"trxX_rnase"	19.5838371954075	37.8769561439931	20.2728678093782	8.99538362767779	3.61269371822897	1.9228991296362	0.963381971709482	0.800159721478409	0.495213354633766	0.393810923014437	0.341031076940911	0.360566313493302	0.383434561540554	0.292825155678344	0.47106207141849	0.673316083005858	0.747396089727022	1.81316505303768	"trxX"	"trxX(all2341)"	"Protein"	"rnase"
"hepA(alr2835)"	"hepA_rnase"	1.35463074840246	5.43998194259801	23.0688525333294	30.8046205649919	14.6863420537851	8.66457441147979	3.77023148589751	2.57137702986701	1.20722078321661	1.12259493332525	0.807517396061513	0.737227891252615	0.952416247544526	0.781301658009096	0.885349586037598	0.945127524631574	0.96750463789364	1.23312857167647	"hepA"	"hepA(alr2835)"	"Protein"	"rnase"
"rpoC1(alr1595)"	"rpoC1_rnase"	0.978828367656003	2.45744094366951	3.35485619579417	4.56904468258538	3.39740500849062	2.65663695794391	3.29766959891483	10.6605377847246	12.8317793728162	8.77304149335876	6.15357879308985	5.02581415608677	4.7481150828927	5.59528073876422	6.99932092174244	5.57713680712552	5.93155442428232	6.99195867006227	"rpoC1"	"rpoC1(alr1595)"	"Protein"	"rnase"
"rpoC2(alr1596)"	"rpoC2_rnase"	1.09353986820486	3.85543538291634	7.22472161242338	8.83161232987012	4.34617611044854	2.85141142427586	3.22381007082884	10.3903300100191	12.4688998001164	8.70495725546867	5.60480535667636	4.59688037879195	3.66468059502977	4.41422106246903	5.23574240408398	4.33579363316296	4.46469134725207	4.69229135796179	"rpoC2"	"rpoC2(alr1596)"	"Protein"	"rnase"
"sigA(all5263)"	"sigA_rnase"	1.17705006799899	3.74950653016841	5.80750579270038	6.05510270314421	3.34130593492251	2.65958945776501	2.72700559645447	8.39462485022636	10.2149150999384	7.82489273748806	5.71265811550738	4.79823293169424	4.22952606627808	6.20193417294693	8.38064604235503	5.81772629239878	6.04246008406329	6.86531752394944	"sigA"	"sigA(all5263)"	"Protein"	"rnase"
"hetR(alr2339)"	"hetR_rnase"	3.48148900568962	11.5058972535795	23.6209849386998	19.6428264282101	11.9499146948399	5.55342546341944	2.61820453450246	3.31419196020265	2.1735530585021	1.39934895104319	1.7674851222615	1.7327125190528	1.31546512111135	1.71013034910332	1.21566391942862	2.08092906486823	2.11897048132467	2.79880713416074	"hetR"	"hetR(alr2339)"	"Protein"	"rnase"
"ppc(all4861)"	"ppc_rnase"	0.931218382810375	2.95365694921956	5.10332552189802	8.30361357378674	11.1814773592403	8.48694294688611	5.38139119090435	17.317084185302	12.460862136831	5.83132713144237	3.05358042859947	2.40210630740233	1.93576805883045	2.19116438953576	2.75538655276155	2.65872725584323	2.92192240152927	4.13044522717716	"ppc"	"ppc(all4861)"	"Protein"	"rnase"
"alr1448"	"alr1448_rnase"	1.20172126154205	4.19907671858673	8.39481269368122	30.9121969004731	26.2172168589391	9.37785549295118	4.21781832435338	2.77300660491782	1.55951582773468	1.30516197970155	1.10781119347503	1.00599484331901	1.06195427220411	0.924809500513733	1.30448559786185	1.36718235453744	1.43198476970108	1.63739480550699	"alr1448"	"alr1448"	"Protein"	"rnase"
"alr1449"	"alr1449_rnase"	4.14911720119798	23.9792547286325	26.6000025621688	15.3514153164564	6.67666407730014	3.90246962207628	2.19798329068737	1.94763780620766	1.24331996534934	1.03843835884369	0.888567520135913	0.93764704084496	0.920769061205009	0.774787447624792	1.07946682375186	1.56263026695251	1.44013197300589	5.30969693755894	"alr1449"	"alr1449"	"Protein"	"rnase"
"cyp110(alr1450)"	"cyp110_rnase"	1.26992996469249	8.63653016271985	36.2467577170706	23.7386402734949	8.11212293056798	4.24174453308609	2.33121815815544	2.02148188419779	1.07670354952409	1.03612085740988	1.98112890311352	0.842627208745319	1.85328601558446	0.745633431207469	1.28177972783276	0.996527531908291	2.09108932973579	1.49667782095329	"cyp110"	"cyp110(alr1450)"	"Protein"	"rnase"
"cpcF(alr0533)"	"cpcF_rnase"	3.18680708046289	16.7955851830249	19.0755265164752	13.3696005733976	7.49906619013113	6.26956415628641	6.13430674997619	6.27953890616612	4.00485633748921	3.03631492914604	2.4604701487582	2.15011847011417	1.88059326734896	0.906968302247257	1.15619845960284	1.28988574495516	1.49008001546649	3.01451896895128	"cpcF"	"cpcF(alr0533)"	"Protein"	"rnase"
"cpcG1(alr0534)"	"cpcG1_rnase"	0.650029378029978	1.87522818146042	2.58615670033081	2.3199373935437	3.36502155407365	21.0848042478535	42.8433583085116	15.0409937060161	3.43970139543343	1.30797276656527	0.698831527368144	0.57209759521924	0.556191584116636	0.74783492967423	0.952752084771157	0.604383725762318	0.616465928413687	0.73823899285617	"cpcG1"	"cpcG1(alr0534)"	"Protein"	"rnase"
"cpcG2(alr0535)"	"cpcG2_rnase"	0.655896501062378	5.35817549925108	18.3061232058143	24.6749999939528	14.1217630453381	12.051279469993	7.64581810229947	4.26603413125177	1.78809192021076	1.35229153450582	0.999309235818681	1.06898107516622	0.955962824572776	1.13593952938109	1.32474140875253	1.31429912102771	1.46422654508993	1.51606685651148	"cpcG2"	"cpcG2(alr0535)"	"Protein"	"rnase"
"cpcL(alr0536)"	"cpcL_rnase"	0.608441763676693	2.30143034595821	5.69203081897924	11.949502079101	16.8984269380013	16.6427599596977	9.69320163708178	6.43836883597772	3.25820277880595	2.55450426444627	1.92241804862427	2.0758787537025	1.999495039038	2.49512129848002	3.24724316910122	3.60654185558055	3.99258587271172	4.62384654103578	"cpcL"	"cpcL(alr0536)"	"Protein"	"rnase"
"cpcG4(alr0537)"	"cpcG4_rnase"	0.433647808345699	1.94708461382033	3.23949770825775	4.14061345816028	7.60210177358977	27.0899812140312	31.4205685731543	8.59806563921991	2.79902280890929	1.82591229905639	1.05719730630259	0.968065272866622	0.890948337414321	1.11274317222041	1.49582585663064	1.52475167128446	1.76383201698895	2.09014046974712	"cpcG4"	"cpcG4(alr0537)"	"Protein"	"rnase"
"agp(all4645)"	"agp_rnase"	0.5917321165066	5.36916079297039	27.6041584620128	43.2669894349585	13.4839212110135	5.28583296521041	1.54994972389269	0.744169426310997	0.364237742470779	0.260077296290619	0.176528801445928	0.189739866470154	0.141844311168328	0.197725009702008	0.1705589061363	0.175310652409305	0.183093383595563	0.244969897435192	"agp"	"agp(all4645)"	"Protein"	"rnase"
"pecC(alr0525)"	"pecC_rnase"	1.60497288004923	12.9484323346122	17.6632074451665	11.9021278793561	5.62067883808734	3.87187746421418	8.03563938997347	21.6993515596081	5.61517702975957	2.07557337887911	0.978687113727617	0.759920424189019	0.674846294046317	0.88467533476674	1.32937822139373	1.19411192674846	1.38543809935609	1.75590438606615	"pecC"	"pecC(alr0525)"	"Protein"	"rnase"
"psbA3(alr4592)"	"psbA3_rnase"	0.572911513334691	1.53902317048841	2.01469047624688	1.67920912574621	6.47326756916102	21.836392324024	28.2764646261581	15.8033321850381	6.32779801283363	3.35525101534251	1.89361664700903	1.53595155913105	1.26473248211182	1.28278185757494	1.66311873766491	1.37078375739944	1.48483672104431	1.62583821969091	"psbA3"	"psbA3(alr4592)"	"Protein"	"rnase"
"pecA(alr0524)"	"pecA_rnase"	2.65957790631519	36.7331103624925	38.9642801993964	14.2972652326757	3.66586920379598	1.22337643347377	0.684916243608377	0.648691967480363	0.236025015769455	0.126903713977603	0.0885481368651586	0.0966378665907264	0.094362242858074	0.0781264492348749	0.0722076085370962	0.105123436821767	0.0880810330850205	0.136896947021935	"pecA"	"pecA(alr0524)"	"Protein"	"rnase"
"pecB(alr0523)"	"pecB_rnase"	2.14383485197234	31.2717190404523	40.600485756736	16.2146650202071	4.34940669663095	1.76463222630109	1.00370423851299	1.05606271715072	0.394118549463429	0.233488122271102	0.136357703085557	0.1279721990676	0.103210693687593	0.110708142694263	0.119372610363715	0.106848900146317	0.11495595988081	0.148456571376104	"pecB"	"pecB(alr0523)"	"Protein"	"rnase"
"hglB(alr5357)"	"hglB_rnase"	1.11060238161702	5.87658192029203	30.8527985270038	27.312323988431	11.1772246158486	5.64305968811614	2.72329645222832	1.88178580564044	1.60238310032381	1.08302050064696	0.906847934149493	0.904359573843517	1.05388580441852	0.829794020626207	1.01574868972702	1.20619235711388	1.59304121245489	3.22705342751829	"hglB"	"hglB(alr5357)"	"Protein"	"rnase"
"nucA(all7362)"	"nucA_rnase"	3.62075471114162	37.4168042387346	31.3838559199088	14.2494731426136	5.16084542213109	2.35548059287985	1.06329469286676	1.10222133861169	0.513342821039436	0.426133545122117	0.335571426975335	0.413136264793093	0.226219362026465	0.295162551044686	0.453555525363001	0.29743332715151	0.273110659005956	0.413604458590419	"nucA"	"nucA(all7362)"	"Protein"	"rnase"
"gshB(all3859)"	"gshB_rnase"	0.882467954152801	3.14754316059704	8.39901347017578	41.7373118816031	29.0866395397615	9.1296001525216	2.78216669943594	1.34395715651736	0.57657561692386	0.501508047288641	0.347963262636102	0.326789422812393	0.262705238066422	0.222109327114819	0.32944234765319	0.298685559741445	0.272101034742067	0.353420128255995	"gshB"	"gshB(all3859)"	"Protein"	"rnase"
"ftsZ(alr3858)"	"ftsZ_rnase"	3.41668420915882	30.3377552538502	30.5830518285135	15.9562228078435	6.00069052264749	3.03218388537836	1.58654500239093	1.29169522707545	0.769697055782639	0.697870636273626	0.506732593096008	0.533919135726537	0.443497550149299	0.431583139524809	0.640943461674891	0.761398246361628	0.954842678564261	2.05468676598798	"ftsZ"	"ftsZ(alr3858)"	"Protein"	"rnase"
"all1601"	"all1601_rnase"	2.0092571532223	14.527924157579	32.4789736541682	20.4425657054887	9.70384327910953	4.33157450207173	2.70095153409131	2.43913891999245	1.84449410659598	1.25440991364515	0.754754452057636	0.643763045998809	0.626468859663353	0.520144831319505	0.799331479890055	0.974690169506576	1.49899611571566	2.448718119884	"all1601"	"all1601"	"Protein"	"rnase"
"pgl(alr1602)"	"pgl_rnase"	11.3131033192489	49.3516472538345	22.3624049921278	8.38211249742797	2.45782103045632	1.35574513529165	0.750708625221439	0.82267695511738	0.344273433070528	0.360644883774322	0.282303229367984	0.316895974540981	0.289462400525349	0.251356035522537	0.175563538363903	0.347176577109576	0.34737733848155	0.488726780517323	"pgl"	"pgl(alr1602)"	"Protein"	"rnase"
"fraH(alr1603)"	"fraH_rnase"	26.6744125979768	48.93606741398	12.9718768015421	4.88676783296888	1.48317345115557	0.819177311253113	0.630078448325714	0.555060314396491	0.295253643965877	0.248500162732133	0.262837855329437	0.190665659917864	0.220706821686688	0.196591197673103	0.182023517843429	0.683049086986728	0.209397058102501	0.554360824163519	"fraH"	"fraH(alr1603)"	"Protein"	"rnase"
"fraD(alr2393)"	"fraD_rnase"	1.7702237896965	5.40447892872818	13.9620113187331	19.4467632854304	13.7845613947788	7.68251969010407	3.23727159026491	2.36338096394157	1.45979066853598	1.12594496910103	1.00547430713876	2.47222286369927	2.93039071984977	2.96230163123825	4.24208264947618	4.28666385061606	5.11088932374524	6.75302805492189	"fraD"	"fraD(alr2393)"	"Protein"	"rnase"
"all2391"	"all2391_rnase"	6.17561585454765	16.4962759185997	20.6600616587773	21.7275348189096	11.5765986169499	6.62118544008997	3.13699582984011	2.03100579314628	1.07465972684067	0.882527769942994	0.763126484346548	0.774565789145353	0.719728906326941	0.774317486791141	0.955238782852794	1.20850737232621	1.56013952601399	2.8619142245528	"all2391"	"all2391"	"Protein"	"rnase"
"psbA1(alr4866)"	"psbA1_rnase"	0.741788245527121	2.0027313691731	2.93641080601405	3.0339637389727	6.2494559278201	21.5547362264923	26.3489048566827	13.8517789506442	6.11527283114782	3.58593296103562	2.05505402691822	1.87016355385066	1.26188998561068	1.65790259256656	1.71401082416635	1.60219684858628	1.61436056996093	1.80344568483064	"psbA1"	"psbA1(alr4866)"	"Protein"	"rnase"
"petE(all0258)"	"petE_rnase"	35.7945522111638	31.5726697401688	19.3003948371319	6.31769323779649	2.41511837634146	1.2399281302555	0.815174660344571	0.695206821188165	0.294084506426478	0.252157088973926	0.176056503789695	0.140987862236273	0.165427065095278	0.105190996014753	0.160712312958499	0.152996962143423	0.159591735814698	0.242056952156321	"petE"	"petE(all0258)"	"Protein"	"rnase"
"leuA2(alr4840)"	"leuA2_rnase"	0.983375810023217	4.42070625053466	13.5308743058664	36.7743539779658	21.7349239324718	8.67393918376017	3.73406304232141	2.5488034797872	1.16167673250299	0.903589231295804	0.677875727686775	0.533359104805403	0.668965088174264	0.596959731890693	0.623063269878253	0.666015779214613	0.665141446569181	1.10231390525142	"leuA2"	"leuA2(alr4840)"	"Protein"	"rnase"
"gor(all4968)"	"gor_rnase"	1.05742486096305	3.83014706558591	26.8789339257017	41.9732321541757	13.6988364426901	5.03102909391413	1.72458961525593	1.0964122356724	0.724630749061725	0.628917792748156	0.407528072841789	0.39137503606894	0.452919273578305	0.323607014924447	0.369806723728546	0.380439176349854	0.391836221193771	0.638334545545546	"gor"	"gor(all4968)"	"Protein"	"rnase"
"fbp(all4021)"	"fbp_rnase"	0.840691652618425	3.68617174200197	4.37480380767342	23.1738542908113	41.1832777651128	16.6204996960399	4.86979120064262	1.85016843333359	0.704273179694124	0.64071261348263	0.281877930109186	0.276712499037908	0.232351306030838	0.190398510389514	0.243703537034906	0.221487692412991	0.238826337914157	0.370397805659867	"fbp"	"fbp(all4021)"	"Protein"	"rnase"
"zwf(all4019)"	"zwf_rnase"	0.567907413247745	2.25599684066165	4.3861381196672	7.9972701751832	32.15010457564	35.7881410834739	9.04958802117387	3.07745044399899	1.17449615247462	0.641060473610889	0.466169951186844	0.382872728644193	0.338832348186946	0.260636861996269	0.305140031019618	0.321844234867782	0.386481901481325	0.449868643484992	"zwf"	"zwf(all4019)"	"Protein"	"rnase"
"tal2(all4020)"	"tal2_rnase"	3.26218760481107	21.9192131435418	26.8968344889834	15.5234390552937	6.27590442615808	3.93618030125977	3.19888617204385	5.37604249334775	2.17110254834604	1.59616714472763	1.17417783267672	1.0265679550539	0.923148954524592	1.05989471945007	1.15459887628256	1.27990979309456	1.33657478819305	1.88916970221149	"tal2"	"tal2(all4020)"	"Protein"	"rnase"
"icd(alr1827)"	"icd_rnase"	0.542518792357631	5.93259462564418	40.7792109867482	37.0633632307684	9.6068704052354	3.0627619226645	0.962654732046236	0.532221748483093	0.271885760273244	0.198859096840252	0.12814063538253	0.127157806883443	0.123361280120949	0.100849924676814	0.115534735543525	0.112009732859232	0.123730880490958	0.216273702981416	"icd"	"icd(alr1827)"	"Protein"	"rnase"
"pknA(alr4366)"	"pknA_rnase"	5.26484591487867	20.0890234105706	30.9125537810374	15.677029363475	7.10580024597128	4.39600101707242	2.39952138393679	2.0576699913966	1.64489846267488	1.32286164187355	1.3476459941268	0.785803348708766	2.44041428018857	0.736865589211113	0.920723025013626	0.899042778611345	0.876687403580753	1.12261236767176	"pknA"	"pknA(alr4366)"	"Protein"	"rnase"
"argD(alr1080)"	"argD_rnase"	1.07546295606826	7.04588849317513	37.9307137507111	29.7360842061647	9.66195286582587	4.8325754018608	2.3685932811992	1.46163465864524	0.860396007908779	0.967563958935627	1.13342787673906	0.571261705362664	0.467798855679912	0.307084515414577	0.306905536744536	0.376180259597236	0.359863663398612	0.536612006568608	"argD"	"argD(alr1080)"	"Protein"	"rnase"
"argC(all2498)"	"argC_rnase"	1.39515877610556	20.0678187673867	44.315321902416	20.0292663233635	5.96448416198258	2.3793762226036	1.17930454082932	1.00314324313324	0.461688689209262	0.420694618218512	0.357149700450707	0.480067811281999	0.365542751558309	0.279336754105193	0.293265117635903	0.309858856274829	0.333145219381067	0.365376544063721	"argC"	"argC(all2498)"	"Protein"	"rnase"
"gatC(asl3192)"	"gatC_rnase"	2.42507730340649	27.269066030441	37.9909465499479	12.6205669022328	4.21583743471321	2.57887610949951	1.85591231631868	1.71563691729557	1.70298058301842	1.05998743018908	0.913662654154774	0.816299199971498	0.777804200046202	0.652092802727683	1.07730883236234	0.788608062696903	0.757962620838799	0.78137405013914	"gatC"	"gatC(asl3192)"	"Protein"	"rnase"
"recA(all3272)"	"recA_rnase"	1.80753074175742	10.499431972559	17.6468812648365	20.1019914694353	13.7266352533727	9.6820609316501	4.7557943957965	2.89652409240741	1.62544666986068	1.41415702784447	1.01128071713578	0.887381666507969	0.911413341964291	1.23111180252215	1.61147059530785	2.0921543936251	2.5457287508442	5.55300491257257	"recA"	"recA(all3272)"	"Protein"	"rnase"
"acpP(asr3342)"	"acpP_rnase"	13.9110341116435	46.0082748310744	24.1431050379543	9.44815757266916	3.00030340036063	1.31685187374728	0.578265979881093	0.496015331594896	0.209376041536978	0.136159116158019	0.0960980755337816	0.0957827681284457	0.121838711082263	0.13805906655494	0.0888789216929239	0.0589244974804148	0.0679647765531821	0.0849098863536925	"acpP"	"acpP(asr3342)"	"Protein"	"rnase"
"gap2(all5062)"	"gap2_rnase"	0.797788552377477	12.3280687453487	32.0819458146886	33.3459636893215	11.3104129173929	3.98566087674749	1.36309703274984	0.86312711393731	0.51713926822263	0.379590473573244	0.302950826662079	0.280074330509132	0.247155340058723	0.298973733671346	0.409118661276399	0.417034893249469	0.475926765230416	0.595970964982619	"gap2"	"gap2(all5062)"	"Protein"	"rnase"
"rca(alr1533)"	"rca_rnase"	1.9426045023891	10.8613947403195	22.4228110054676	23.8424648741236	12.7604367021233	7.04927281593045	3.29446577626593	2.02777654413979	1.17606153602582	1.04600770536615	0.757160395629518	0.686144970728748	0.708627065575122	0.785924291014104	1.26087583714336	1.81313580024524	2.2878423569587	5.27699308055407	"rca"	"rca(alr1533)"	"Protein"	"rnase"
"petH(all4121)"	"petH_rnase"	2.08225322958459	12.3725298682887	9.07169684560299	5.88310056875628	4.33126288910722	6.39182592339726	19.7508470889366	28.0614870440167	6.07070644264658	1.91548470101906	0.615281217949161	0.416295300068292	0.298067834567506	0.335655308479415	0.393895506644534	0.439232272289679	0.447335364533254	1.1230425941122	"petH"	"petH(all4121)"	"Protein"	"rnase"
"tal(all2563)"	"tal_rnase"	9.78811490421358	36.0968408335207	28.1388195861064	16.7993768026383	3.9845058153606	1.53425128471946	0.715598305127925	0.525750442851517	0.247639243048439	0.275672776552753	0.17132836535277	0.249297031775617	0.191492766462296	0.177531789356107	0.17518728417153	0.175468428775758	0.160511974554308	0.592612365411935	"tal"	"tal(all2563)"	"Protein"	"rnase"
"psaF(all0109)"	"psaF_rnase"	1.23607029848418	5.13425958460452	6.40583649435075	3.37106413095234	1.89537248765327	2.15744565475234	6.2283579903671	8.66093902339131	6.83869811686115	5.86060000631837	5.24441544419362	5.33037977535608	5.72091647370455	6.08044994599793	7.45242509347727	7.59395569114146	8.00190749598178	6.78690629241198	"psaF"	"psaF(all0109)"	"Protein"	"rnase"
"psaB(alr5155)"	"psaB_rnase"	0.151465200256057	0.555870892733436	0.697233183903065	0.872740341034125	0.847024479419325	2.54056861117731	8.08852456786455	11.0219637127553	8.02493934305424	6.69041312569768	5.36691466915314	5.09815560648663	4.52131289979619	6.48282934449822	9.00168051708647	9.27675739736703	10.4074621498658	10.3541439578514	"psaB"	"psaB(alr5155)"	"Protein"	"rnase"
"bchI(all0152)"	"bchI_rnase"	6.10089840925034	38.6008850393704	26.828176808476	11.6336219098763	4.2407724872163	2.32667060172583	1.34032898273669	1.08730823137142	0.695683279953225	0.74502138637499	0.533700509252182	0.50267294776588	0.51688445888343	0.466935682878228	0.628922235479905	0.797303855133312	0.97328065673724	1.98093251751834	"bchI"	"bchI(all0152)"	"Protein"	"rnase"
"cphA1(all3879)"	"cphA1_rnase"	1.01795564504108	3.92113810139546	9.25091284938072	16.3569653201329	27.379731188363	18.7164970267878	7.4072112502371	3.90453689081599	1.92295391077504	1.2279387345691	0.865033539302474	0.891903078963883	0.720103274079009	0.768920410920529	0.997084531949649	1.11604034161793	1.21566622312976	2.31940768253854	"cphA1"	"cphA1(all3879)"	"Protein"	"rnase"
"psaD(all0329)"	"psaD_rnase"	2.1243481829676	3.76114423817702	2.61007439967566	1.57757879226359	1.05444344995166	1.90637963782112	7.81150312330275	10.7162708523169	6.95717928845957	6.3005901574456	4.67555510721613	4.76389757838308	4.7202452497209	5.8445164897447	7.89421671586827	8.04917894859296	9.25757821876361	9.97529956932885	"psaD"	"psaD(all0329)"	"Protein"	"rnase"
"psaE(asl4319)"	"psaE_rnase"	3.56759648487537	9.48030940359211	8.1174985078403	5.22111118393861	3.48442629677474	5.47495803749579	8.84344013187394	7.24572324815347	5.63406403832007	4.31582321666631	3.24273410365493	3.68893246344552	2.96495152741951	3.38036403461841	5.20060782079235	4.81386510164663	7.48482222212633	7.83877217676565	"psaE"	"psaE(asl4319)"	"Protein"	"rnase"
"psaA(alr5154)"	"psaA_rnase"	0.330072140430119	1.17026452514109	1.40147934249738	1.85689642836843	1.49091069020447	2.73805583445686	7.35134740172521	9.78416091483439	7.71260885217106	6.13440966051463	4.96994519791161	4.68838645615228	4.4444530937925	6.31642308252624	9.51842856318093	8.88199545900577	10.2477091564314	10.9624532006556	"psaA"	"psaA(alr5154)"	"Protein"	"rnase"
"psaL1(all0107)"	"psaL1_rnase"	0.618124599398884	8.39662928399082	16.682982458702	7.32819124254369	3.92645949144723	5.47784916845929	13.1729774532375	12.275724385669	6.58681150396217	4.16065020966551	2.6143929259581	2.20145021541309	1.80986925472061	1.96001006657102	2.72606563822777	2.99534386308892	3.41503645363146	3.65143178531295	"psaL1"	"psaL1(all0107)"	"Protein"	"rnase"
"glk(alr2973)"	"glk_rnase"	1.32872684028555	23.7127165467524	40.6175366009829	15.7935194076206	4.77214491348093	2.6827200888396	1.89774216084997	2.35888846024274	1.14026225521656	0.676967853058035	0.428593566844264	0.407732739549088	0.331479699159242	0.298895631052861	0.443276679072589	0.508711220124562	0.480254214211469	2.11983112265659	"glk"	"glk(alr2973)"	"Protein"	"rnase"
"maf(all3075)"	"maf_rnase"	4.34658334429472	40.8524253088211	31.1653245592637	11.9945725643999	3.94595205339628	1.98406000441841	1.09065113762741	0.825380851690203	0.521675569958378	0.463756600157563	0.411307687081499	0.366258310663752	0.350648011540764	0.212968640853952	0.311443414247969	0.32488560504649	0.324212202103764	0.507894134434121	"maf"	"maf(all3075)"	"Protein"	"rnase"
"nifV2(alr2968)"	"nifV2_rnase"	2.45835540862815	10.6340165817598	29.364976201314	19.3882273067929	11.2267179095647	7.27807183268391	4.66943976841611	4.67242843478319	1.83106829562042	0.718060842024951	0.55989623728321	0.708210264393856	0.761296336993704	0.923868403921276	1.11958077612645	1.33463068766024	1.18115459743743	1.17000011459567	"nifV2"	"nifV2(alr2968)"	"Protein"	"rnase"
"pyrF(alr2983)"	"pyrF_rnase"	3.35253207604365	34.2361024219087	31.0645068162601	13.461570683189	5.44332887771018	3.27238189317524	1.8531635707129	1.82451276057813	0.86114694662237	0.676146872598465	0.525831836722162	0.367391175614842	0.614781114234603	0.377339282693478	0.479186500249096	0.554940281398076	0.41771410797889	0.617422782310167	"pyrF"	"pyrF(alr2983)"	"Protein"	"rnase"
"ispG(all2501)"	"ispG_rnase"	5.04488364660486	36.796667132206	27.6273957927844	13.8997536219651	5.60862474193953	2.89539703553417	1.37109276375056	1.12222346586162	0.772825220481709	0.635974351511004	0.560237946283825	0.559941134123315	0.53939193102644	0.431762740863903	0.493263185821466	0.473735767160493	0.505033256060292	0.66179626602136	"ispG"	"ispG(all2501)"	"Protein"	"rnase"
"all0985"	"all0985_rnase"	3.62736289699437	32.3135101962718	27.350772231852	13.3899883294264	6.04701004409279	3.16226568404825	1.80224366940458	1.63221910842801	1.23978514371604	1.03937286536478	0.85959911788696	0.854864683798019	0.753719789152087	0.687904490067858	0.828440527290979	0.901282662865924	1.32791298110841	2.18174557823077	"all0985"	"all0985"	"Protein"	"rnase"
"asnS(alr3658)"	"asnS_rnase"	1.2093096155836	6.1328646313045	29.3603325333365	35.1135093405809	12.3007375913551	5.21296817076967	2.0994038393202	1.42648392756905	0.860478641155497	0.788257352615525	0.630870365162889	0.57679117367651	0.604906932094576	0.5004458504532	0.588803370042798	0.817526827195735	0.647709984069843	1.12859985371396	"asnS"	"asnS(alr3658)"	"Protein"	"rnase"
"cynS(all1291)"	"cynS_rnase"	0.409022769132829	2.09990615334879	4.61749033427752	22.2782412725205	42.4342625258625	16.9188991158313	5.17566817326347	1.90161102952271	0.739349627447873	0.523870561986817	0.352550463745743	0.329659750754623	0.307181020803981	0.282652825375871	0.347303612621854	0.418697391055752	0.398914159614292	0.464719212833538	"cynS"	"cynS(all1291)"	"Protein"	"rnase"
"pdxA(alr4755)"	"pdxA_rnase"	1.36993975652863	10.5952057187727	36.410822662067	24.3906975872797	7.58092889018127	3.52590842478578	1.93383111219456	1.72200398332986	1.12355312767847	0.836438155997144	0.689426065849551	0.819516941127125	0.917950773741165	1.19611848456995	1.44561427749967	1.93585077714268	1.45528894207617	2.05090431917848	"pdxA"	"pdxA(alr4755)"	"Protein"	"rnase"
"gap(all2566)"	"gap_rnase"	1.79521573502704	22.3073338978212	33.2372603292473	21.3815824196278	8.28221981878697	3.88671449808727	1.68964335070738	1.11296740856992	0.632832355416325	0.556606088484335	0.484491799485316	0.41207615245479	0.350227948143291	0.385677427292185	0.581946342126068	0.678604326553198	0.836171082348646	1.38842901982099	"gap"	"gap(all2566)"	"Protein"	"rnase"
"apcA(alr0021)"	"apcA_rnase"	1.72179978234321	29.1031525549558	36.8459119207749	18.878480749884	7.07323117935625	3.35837739604758	1.40139371572567	0.635652634906954	0.257986215468018	0.162018550611325	0.0999937272169406	0.0799481060802223	0.0727603661457336	0.052571883802136	0.0579239236205541	0.0491557106075291	0.0529430806375007	0.0966985018156321	"apcA"	"apcA(alr0021)"	"Protein"	"rnase"
"apcD(all3653)"	"apcD_rnase"	1.92499345438198	27.671246890283	35.8010790529714	23.0938674255855	5.73347870397268	2.04588229889902	0.820145638012735	0.575044090183349	0.354090243359523	0.281563357089969	0.232117788363604	0.232798615234513	0.191307422298919	0.169116402537178	0.185566366935696	0.21568882936778	0.204917184283633	0.267096236239527	"apcD"	"apcD(all3653)"	"Protein"	"rnase"
