"F1_2"	"F3"	"F4"	"F5"	"F6"	"F7"	"F8"	"F9"	"F10"	"F11"	"F12"	"F13"	"F14"	"F15"	"F16"	"F17"	"F18"	"F19"
"hemA(alr1042)"	1.32972422824732	9.29884346736238	23.2882499780744	17.830740831813	8.04807115075276	6.75532474410269	5.46780165581361	6.7679468068626	2.84655087596819	2.61661047333482	1.92007665336468	1.73213229282479	1.23661523158428	1.46523251168329	1.58364045960159	2.38827183093623	1.87632147583431	3.54784533183899
"hetY(alr2300)"	2.751522659232	11.1917460627586	20.9864474750491	18.5041081684993	11.8238700924893	7.23486720665645	3.41390578876544	2.92418856984921	1.93767940017229	1.78322687072434	1.36965792477229	1.31829607049031	1.12013044849021	1.19880768834384	1.67423957355259	2.65984740180481	2.35726334177715	5.75019525657277
"alr2298"	4.22507085108091	10.0943313074646	19.9991458638752	15.0025096195195	10.1500098797121	7.29219002293119	4.52368647453718	3.67414280843622	2.42687637375557	2.18480210038487	2.11718857443243	2.09695132694066	2.12365802979467	2.30367596277587	2.07559965619551	2.49151599120594	2.56735628193866	4.65128887501882
"rbcX(alr1525)"	5.53544101651532	27.6811216881387	20.0550786789203	10.4704660968025	4.49732445025499	2.96548114684276	1.73669355766548	0	2.68494548527844	2.42430401192472	0	0	1.0904994565888	0	5.92146160552838	14.9371828055396	0	0
"nifH(all1455)"	2.19977797334928	18.606517053115	25.2555712014243	16.3882888951514	8.21824634673444	5.29197102751068	3.81995613142198	2.03464759057163	1.45398586894787	1.12673656662016	0.911390602171846	0.971792287882897	1.01469496436773	1.70606556721238	1.54864189979955	2.17434984610711	2.11700265867379	5.16036351893797
"nifK(all1440)"	1.15757759863933	11.2846475491628	21.5339002396425	19.7099782845222	17.0440859804453	13.5644807824995	4.57980556980964	2.10174571347458	1.05772219978849	0.903309460567518	0.819691792542243	0.702548947706134	0.631268789343791	0.490629204197257	0.70027803734751	0.869471991199859	0.72951390983242	2.11934394927898
"rbcL(alr1524)"	0.08840153711852	0.523290170915539	1.94126652315262	2.75020937476167	1.71740201716862	1.1610420448591	1.80600823086005	5.15488790153072	40.9014466995774	23.3753980738084	4.83643369710809	2.62704751892788	1.64659394383923	1.86039202224773	2.10103787142001	3.0910096798457	2.03686977273733	2.38126292012141
"glnA(alr2328)"	0.226841866041756	0.706518169752459	0.953964352509398	0.824253231445854	0.576794847486211	0.462511390211927	0.421808541514309	0.914559357901669	3.1238618757774	23.6673500006142	48.9191573003664	12.0636840784891	2.97589704785336	1.52390070922465	0.906222199690481	0.862708549832581	0.445096813016156	0.424869668272017
"hanA(asr3935)"	15.2499771416952	50.8245154852213	21.418624007879	7.27573676607774	2.07287453812363	0.935257029848383	0.469009984109655	0.35870922657685	0.154956723666319	0.1032829553211	0.0856549093299258	0.0822523439303712	0.103634473726419	0.0843619970536203	0.117723010993105	0.193351519470727	0.152663413162145	0.317414473814512
"rbcS(alr1526)"	0.814106262064914	4.6095615538566	7.29594481363124	9.18689430729238	9.49300213276082	11.5524020086578	12.9614173189436	24.3416796997988	11.1238117889357	4.36340671660444	1.06463215741205	0.65031048127904	0.374099197858525	0.334749930113001	0.267687368896776	0.437478905243997	0.386434129835092	0.74238122681514
"atpB(all5039)"	0.440975175105759	5.08792519622492	4.78319446038664	2.28141505127086	2.15612603278993	4.05411276237279	10.5379518417986	37.9698222216742	11.7641504375169	5.28001877118636	2.6687711184607	2.40901530731552	1.90464342628147	1.90935962734367	1.91748366347711	2.05932921728902	1.21599038113353	1.55971530837204
"atpE(all5038)"	2.63791043334461	4.99291652757577	3.59603863738263	3.76141020035776	4.01318119916642	3.41542778589053	6.89324826442723	48.7093542264794	7.95724872677537	3.94203512721414	1.6446224960042	1.34593426522252	1.14016698545418	1.11210632540685	1.21187011810614	1.50590002050576	1.03035726187139	1.09027139881509
"cpcB(alr0528)"	0.29126848102645	4.55275737681041	8.06047723638827	9.80772843628366	12.3964206072899	22.1561200437499	24.0716173019868	14.9596429920031	1.82647463070432	0.66562278793796	0.246160773995936	0.148643855083649	0.132188337196937	0.126638798178633	0.136100378083265	0.186253324825081	0.105613656791505	0.130270981664271
"cpcA(alr0529)"	0.599448696917519	5.54294278032139	8.81621652673044	10.9143286310894	12.7264515197021	20.1948624816681	21.0827811843789	15.6494638466707	2.15338830695182	0.824386526555266	0.318928404276758	0.209729603309088	0.160720443281814	0.187076912555651	0.161229563178133	0.154445843839623	0.129764071550173	0.173834657023211
"cpcC(alr0530)"	0.245074943488367	1.64072692512071	3.9010187620578	6.89910635731816	10.261799749204	14.5265274116334	12.5853833230356	24.2469612275519	5.16737962069165	2.30222115009476	1.32425915208794	1.33232015455414	1.36353127864387	1.78938844448467	2.31245901476359	3.81971722989674	2.90014044418473	3.38198481118793
"cpcD(asr0531)"	2.97398791300743	10.4674186241103	16.4733168002177	19.4165737190394	13.2747598499309	13.2551868580744	13.6516858027718	6.52148884002054	0.87027390053958	0.536040990935592	0.283816600243007	0.210446053150698	0.207356927512579	0.177948963027098	0.351978502098446	0.627366496896406	0.299373541342329	0.400979617081817
"cpcE(alr0532)"	2.22734801669086	25.0209744613476	37.8169990877274	13.1422960512839	5.47164890990422	3.30765827121303	2.35907895206368	2.23426776141999	1.37829160753819	1.22140288001749	0.741297336957701	0.699103792776001	0.611728536296461	0.633346100792729	0.614023089857974	0.70958588873465	0.692154388254363	1.11879486712365
"petB(alr3421)"	0.403422371277809	1.58880573759031	8.62121696773786	25.5063456937932	13.587212481491	25.1344396225541	14.6943794592024	6.41803874212277	1.66796057430939	0.721592266841066	0.315376735258393	0.230021893037642	0.147107616126989	0.16791547978677	0.180289671210909	0.166616577628121	0.114610494585383	0.334647615445882
"petF(all4148)"	36.4170635015587	44.5243719593965	12.2667344974311	3.59825348603398	0.998741063899486	0.496339445375004	0.351126975292409	0.239364746739442	0.140972125495204	0.112318902791985	0.119006088378288	0.138133328837065	0.0779320214544918	0.0480640661963012	0.0783954757400905	0.0984743490187547	0.129776872751205	0.164931093610036
"isiB(alr2405)"	20.9711910481282	55.8247489229479	16.8089945114273	4.43103228051683	1.02795326358316	0.374905715412479	0.179588952932454	0.144239615317342	0.0381294010670861	0.0313312732627968	0.0199209967375958	0.0200884762228564	0.0219239755422086	0.0201990342987764	0.0217111975546078	0.0190283910399974	0.0191828143682678	0.0258301296401094
"cytA(alr4251)"	41.9979287716429	30.0131750687845	12.4431696237849	6.50590876292253	2.49551907533662	1.42699272256333	0.88405204350615	0.741720148277396	0.513430016531488	0.415982785683744	0.304612514502448	0.307986021733027	0.292498493422278	0.218107783756771	0.321205940270933	0.347268543431629	0.324271779060465	0.446169904788867
"psaC(asr3463)"	1.23593100269788	3.06691976832722	3.37343107364859	2.42199424721453	1.68139943007091	2.6157887816086	7.85277050267361	16.6763339224018	7.58532218667959	5.14935142518548	3.66422686585836	3.9511913427964	3.9161397013891	4.75138390429151	5.97941172912318	8.7679960352371	7.43538380164833	9.87502427914777
"avaIR(all3631)"	1.47665618439304	5.87768914055795	33.1629277527583	31.2168195295143	9.65399941110051	5.0915351878783	2.27902888658956	1.75379598394501	1.3187785634736	1.26272728426838	0.985400250209097	0.912134551469953	0.891087338209302	0.723872626771894	0.829726588823506	0.692376244290003	0.796339259261404	1.07510521648586
"rpsU1(asr0742)"	0.674096461402472	1.90456383057362	2.78925389050357	2.07239406116532	1.17015011164489	0.888156879317507	0.681196863643887	0.604221385677053	0.477393431127518	0.477157220045875	0.41850437781605	0.46135902961465	0.612201921281765	1.99201055623477	6.64009870880112	47.761933066307	17.0047299539316	13.3705782509113
"ssb1(alr0088)"	0.879469531862914	11.350261193191	33.8465653463486	18.3437075583881	7.66977652796355	7.8988472384567	5.23600708409767	3.12240202999105	2.31185033020472	1.06574613562748	0.67759661993427	0.480921580860959	0.520071283955351	0.50057160474818	0.545645449379475	0.55492144085778	3.31630963382372	1.67932941030848
"trxM1(alr0052)"	41.7500816197944	34.0852600950869	11.8667921189076	4.90195985043721	1.7973878602628	1.11382511549881	0.65713759208926	0.577694276073417	0.317558263736438	0.274218981154401	0.180844682963546	0.200033445522754	0.201659931302058	0.127765269943928	0.203484130835453	0.276289565993282	0.30639497452683	1.16161222587092
"ntcA(alr4392)"	1.6027384979199	25.0174277546127	33.9299665460797	16.2139731868575	7.18483370685464	3.25016847596456	1.66185447493475	1.2606477532478	0.682994242603867	0.648775631336069	0.604949235867713	0.668392402011728	0.765805632908953	0.772206135760112	0.993766560943627	1.16626020576242	1.41854729296787	2.15669226336612
"atpI(all0010)"	1.061038200147	8.37294678430715	31.0239947990523	25.0245629100051	10.996650205057	5.3834229176553	2.12021559058291	1.10921368969448	0.974423276927279	1.00530729955966	0.979520219469296	0.98240245123892	1.08775406654836	1.61981815340481	1.75489759603736	2.31123921141646	1.91714620098473	2.27544642791187
"atpA(all0005)"	0.136836745776816	1.32264430776802	3.5627770948176	2.82005148987633	1.85332364012935	2.67450797693984	9.02827236013009	39.7624692541258	12.7731736900402	5.32355392657656	2.67929138098731	2.48602881408674	2.09182334586376	2.40686094346937	2.87072413407695	3.56445842673552	2.14718993128771	2.49601253731201
"atpD(all0006)"	2.39374840344922	18.2526563711637	18.9435445826997	6.94899803343667	2.53981850095083	1.94379312867299	1.8605941926011	11.3138660161583	5.49820343929413	4.07295072138376	3.40505249562719	3.24918182571226	3.36262038261531	4.25315475240242	3.61729237421863	3.34838544903698	2.56166561344443	2.43447371713239
"atpF(all0007)"	0.955573035043892	13.1840117575722	35.8640106025436	22.4583226288042	6.97457194570906	2.89049812886859	1.22692125103689	1.35935747706319	0.993088196098669	1.14639125324633	1.10835717572922	1.08060441062621	1.12843936155059	1.636842140798	1.78501057898207	2.25862255352559	1.90000887429897	2.04936862850271
"atpC(all0004)"	0.446157297385885	1.41692151305753	2.37125984233214	2.99236356295264	3.28669453535075	3.01189457167735	6.74089507686021	44.1063263516865	10.520646324058	5.07163038669436	3.07548555715521	2.87476667123168	2.36550313936816	2.67237406045634	2.6383285967099	2.65074230711263	1.92900260001575	1.82900760589497
"atpG(all0008)"	1.56556715092518	16.4525526677437	26.0724959309099	16.5032660430928	6.50624099147316	4.08745453668985	1.97603170229741	1.80072693264641	1.53773011489261	1.57575241963791	1.65047460493825	1.84612931532291	2.26067382408545	3.22452014833397	3.14888792495682	3.74677618242718	3.14914341031902	2.89557609930748
"nifS(all1457)"	1.20054697655013	13.4319027335056	31.175940684337	22.8542742742912	10.8889598843152	5.61371400607567	2.8328258828297	2.27855028608137	0.972133027269807	1.53475554981873	0.668007741939087	0.57396944688416	0.939702299571746	0.743706347535576	1.24135822323709	0.942404570580421	0.914301472609384	1.19294659256821
"psbO(all3854)"	1.82918174105626	30.3377530866794	42.6694921227976	15.0379697537789	4.42352131862858	1.94175428742243	0.872981118662867	0.540144592972063	0.267900042687606	0.194446982691512	0.166097130799922	0.174680943778219	0.153561805878066	0.170121448009388	0.229118745919563	0.254407180166532	0.306668170374053	0.430199527697071
"hesB(all1431)"	0	0	0	0	0	0	0	0	0	0	0	0	0	0	0	0	0	0
"psbB(all0138)"	0.242582427571253	0.937752357574151	3.54845053380234	8.18418944993328	5.50890388726694	15.2311769813569	25.7992198023279	16.7043115165777	7.17928241978725	3.89900985254785	2.1907875672845	1.65084055796591	1.2102296212311	1.18988761225574	1.26178615730745	1.77017805775321	1.38681914583192	2.10459205162464
"trxX(all2341)"	24.2065175465045	36.5564851305014	17.5564756296853	8.77608234117589	3.30204686493356	1.98279663189329	0.951338043696685	0.784325766225313	0.523881659091015	0.436823187347851	0.393346913198703	0.358025314707782	0.393852804813908	0.342989997972646	0.497141586883901	0.647907635611627	0.623379429897722	1.66658351585893
"hepA(alr2835)"	1.21336036955828	5.95310254676383	23.1818364078292	29.0274897241545	14.0472033640111	8.24981062043356	3.77139434370907	2.70916375074359	1.40863397076757	1.30929136925443	1.03103133337363	0.933619329830669	1.13103293051911	0.795146946891553	1.10884613146983	1.0783856270927	1.24335879095997	1.80729244263737
"rpoC1(alr1595)"	0.817717396197395	2.48086723838436	4.45986677020693	6.36428635662273	4.65371248047762	3.23066420462529	2.42946005975792	5.72882175075703	9.99236782372396	7.62509971074969	5.15504272680143	4.80909009284547	4.50514083460631	4.9121653800343	6.58161619588028	9.86833822560594	6.75506033685314	9.6306824158702
"rpoC2(alr1596)"	1.00643277624717	4.82789381714605	10.7403418640535	11.6170870444855	5.10107116010895	2.8057234546389	2.07482399906516	4.90798772722344	9.25273705836646	7.26819498466485	4.59814382305583	4.33543975166226	3.80220170896296	4.18307087402179	5.16623696570076	6.98070736706328	4.97581256169501	6.35609306183814
"sigA(all5263)"	1.25430521835608	2.89547487385781	4.04921726856402	5.28006415843	3.20138470672534	2.28448131465992	2.62241304361758	9.98721888107738	10.646753544885	8.69388090789693	5.82977925653672	4.63896794828082	4.01021765901867	4.63109097375234	6.52908872677715	9.50373153481307	6.05173597783604	7.89019400491516
"hetR(alr2339)"	2.97030548908206	12.267274827371	29.7284019137128	18.7003856211403	9.4564490225521	5.10360615269919	2.17698651116664	2.31907023473087	1.43782929375301	1.52737308752153	1.52779929605766	1.37241498940044	1.84266377047455	1.96791182431548	1.54596221964512	1.6498032664867	1.94597683342354	2.4597856464671
"ppc(all4861)"	0.684691789953026	2.55255000659456	4.73677800414076	8.09020562567326	10.4839412040669	9.15231205706742	5.74347674499647	14.8271878762553	13.7763950456469	6.40242651428938	3.30287846526046	2.5978852193048	2.2676948032915	2.432369052176	2.68365410720359	3.40799340457714	2.83642946719588	4.02113061230663
"alr1448"	0.813125406932115	3.95808409768831	11.1678567365577	36.7735565089776	18.3550592925375	8.09253852612629	4.22613161001027	3.25208251561647	1.57638643784101	1.2144522306211	0.865388437111218	0.834795008952373	0.860197739091054	1.04024862369282	1.36090427206869	1.57990094914972	1.67351375263908	2.35577785438676
"alr1449"	3.24416126568132	22.7345701869591	27.966634061374	16.5077489517447	7.3977680895689	3.91764274731904	2.21662470664225	1.63263708705553	1.10670348290099	0.973254446460587	0.942633384792281	0.961744271148331	0.970859393197049	0.922181631642091	1.11167716504008	1.37446780415232	1.28634350396366	4.73234782035772
"cyp110(alr1450)"	1.13597202314895	9.43141325531053	39.0596334788454	25.7791909050352	8.4563976387951	4.76593748890666	2.41798756529869	1.88873918695062	0.949643326702599	0.808943732719664	0.572155838099625	0.587457255258306	0.53376074495625	0.500569350417988	0.62568613484987	0.665284913892881	0.673058675681555	1.14816848513016
"cpcF(alr0533)"	4.16815440842254	22.5740155016141	28.3447560558004	10.9669753835831	5.63962725193648	4.44310468957354	3.91360426764932	3.24874590500385	2.1546073949398	1.66683768335387	1.43662645610721	1.33392875635694	1.34153772403802	0.921111780332158	2.07137746684291	1.67787007967352	1.97898379514216	2.11813539963006
"cpcG1(alr0534)"	0.660646439105011	1.80305288203099	2.1716571237113	2.00295361019722	2.47376508765258	16.4250039876629	41.8984003778222	25.5465977941623	2.53144298804028	1.51787335644023	0.572360115106689	0.443577393252758	0.3667563409204	0.269323103206337	0.231460695420643	0.330097646812722	0.323623032512427	0.431408025942977
"cpcG2(alr0535)"	0.621008859878773	5.3547015936652	11.443532517675	11.4501588075109	9.07863550742283	15.3662491209507	15.236678112535	12.1122377736926	2.71440733094353	1.79383422569739	1.33801204582801	1.38897828515215	1.40593973197411	1.7905398325875	2.06901956616666	2.48901191182964	2.13432513211792	2.21272964437194
"cpcL(alr0536)"	0.579267569452435	2.85970825934544	5.47756282057008	7.19680448098703	8.85977276530112	10.9665932729303	7.51821463006924	9.87147983630392	4.10252981203337	3.24485026862662	2.4211996857611	2.7656837128885	2.99824086223833	4.05627458473519	4.71633265135377	7.29987182088916	6.76015446049952	8.30545850601489
"cpcG4(alr0537)"	0.524066037759254	1.93822320116495	2.78152608112857	2.59055789535902	3.95294310880145	15.8519316799921	33.2825092886395	24.2777755358108	3.6712855447919	2.08877982022905	0.873621735079267	0.801407364674707	0.661003492105464	0.965977090286756	1.09407035878442	1.62216027980926	1.38035288632322	1.64180859926035
"agp(all4645)"	0.821257811681681	5.65291380576183	26.920883174185	41.1893722130019	14.1869716241543	5.82840627861902	1.74129150259671	0.853870673331611	0.460433064057978	0.338851121691661	0.266186740035823	0.304761686576817	0.207459530641823	0.222135450345406	0.201371881343625	0.21133158830722	0.247718366676228	0.34478348699143
"pecC(alr0525)"	2.31682578902565	18.0755062810903	21.0104286733643	12.9349147255504	4.61848022976502	3.25596283693949	4.07621285101641	21.4572564551433	4.72539439522919	1.52680950037417	0.553880996798423	0.459194066673612	0.43073127268033	0.464550219174909	0.604673256057944	1.01783803114988	0.97837544330327	1.49296497666338
"psbA3(alr4592)"	0.389753056490149	1.06750719345337	1.80279702087316	2.1747338011088	4.77955136893907	16.1675008632442	26.9258254029351	20.6756812107707	8.63071326415025	4.58336844062231	2.16525664839477	1.83013170196409	1.29750982629645	1.28782465614384	1.42434351957816	1.64186193090879	1.37328600150898	1.78235409261773
"pecA(alr0524)"	2.63115370645604	34.3975124630059	40.0445513769119	15.4210288172549	3.609982755898	1.38145521368844	0.600854432324396	0.787379593759223	0.273913975477192	0.150115788901938	0.0884202546302771	0.078126804389142	0.079110385573007	0.0665510350274341	0.0888610752212719	0.0708024595521854	0.102819798179778	0.127360063749029
"pecB(alr0523)"	2.27627513115001	28.8902106335157	38.3835665087898	18.3157036629919	5.21979364861843	2.38276186497309	1.169781751889	1.40059891441843	0.503272856008154	0.29143170972183	0.162936300051176	0.14333649339319	0.148739684312291	0.119302497598699	0.125725990075865	0.130417567087915	0.141227272108844	0.194917513295679
"hglB(alr5357)"	1.24321631031598	5.47006637998791	24.2350317510761	23.2597217606212	10.6163419625372	6.33253122140719	3.48232659118092	2.21658599517369	3.06342426604788	1.90359906925824	2.1346089554653	1.42252931993928	3.97337296228422	1.41437010853134	1.65656511144584	1.37521126906709	2.24653172714349	3.9539652385171
"nucA(all7362)"	4.04105170565171	36.662537438149	29.2292912777317	11.6804975799183	4.59201828153676	2.61911429572624	1.93403999957756	2.05737454921981	1.00382490869274	0.868384121291828	0.56596077023713	0.72502854544187	0.567452793162709	0.40092730987067	0.762481113076831	0.784864737973206	0.708340832581019	0.796809740161058
"gshB(all3859)"	1.1286995628079	4.72170494501117	9.95717261702203	37.6212484995928	28.8682284960251	8.29586023110505	2.76199425963099	1.55790534880377	0.853438608232546	0.686333411467248	0.61816021035024	0.448089120852398	0.37640737046638	0.284500426246731	0.451827122749475	0.383804807442603	0.443201515519927	0.541423446673679
"ftsZ(alr3858)"	3.64866455040059	33.0401279039337	30.4621082278997	14.8561347142258	5.60272472047065	2.96414408952044	1.34723349965246	0.893384930448902	0.64721443396734	0.68647563021797	0.463427684936276	0.47036161348685	0.456702439225684	0.411787849752552	0.583514980419293	0.738071124281672	0.901219815221197	1.82670179193899
"all1601"	0	0	0	0	0	0	0	0	0	0	0	0	0	0	0	0	0	0
"pgl(alr1602)"	13.3677819139742	53.9558023763186	18.4824181066402	7.13427602595647	2.06599500168733	1.07326186389954	0.603886694844504	0.536922417380281	0.325690250880889	0.326884415119973	0.260370758186456	0.302713236097185	0.278987510611768	0.183573842374733	0.169130743905737	0.24212077877182	0.287278309551998	0.402905753798277
"fraH(alr1603)"	39.2530291343811	43.9182395769332	9.73999872344106	3.30379905172061	0.846920419150544	0.579844526150532	0.380195704149655	0.336494560228583	0.22612796846848	0.10705853676678	0.111233268004985	0.0783372572492724	0.0844331415165672	0.0818791128637255	0.0856718240323338	0.399655643417722	0.0877778048093136	0.379303746715548
"fraD(alr2393)"	2.32302610216702	6.26856175243937	14.8760920288987	19.7409636358452	14.3071040360418	8.33458994048576	4.12248213139478	2.61185988188973	2.00398452436629	1.45577833593308	1.46927692887152	1.34407655995184	1.52455412310285	1.95100618433135	2.51535531042556	3.81150574086666	4.00603449917502	7.33374828381346
"all2391"	6.98554633819499	15.4921821340163	20.8421311912811	21.9538146809365	11.3288303997774	6.07429923212293	3.18854765278926	2.13612879210464	1.23435327914414	0.901988934840883	0.868552988181671	0.858138780572773	0.841182632655971	0.863174632296606	0.950892981439275	1.29958751285788	1.40231337998421	2.77833445680345
"psbA1(alr4866)"	1.0335745802421	2.46976608541241	3.40957394363789	3.4272945635227	5.21651671957464	14.3347086239662	23.8808046117045	18.3999305995987	7.5373340970738	4.82030102659254	2.58273805785417	2.36295839344492	1.50944011433541	1.68805676542905	1.57188115508328	1.98647721689052	1.49995292101607	2.26869052462112
"petE(all0258)"	45.8173960085626	27.2351698150509	12.5349187111597	6.1441038455519	2.09340724271403	1.49896899815782	0.892880389541706	0.989041738067997	0.39273619734191	0.342326933987406	0.26438925103935	0.222401201765568	0.219653141991233	0.148427568875822	0.253237772473294	0.301786673249936	0.277634148893324	0.371520361575498
"leuA2(alr4840)"	1.17916035646475	3.51916033759726	12.206323729376	34.4242717699695	23.2302168544502	9.80885361121821	4.51616386279917	2.70484180114769	1.27882120253203	1.01441920711708	0.799070709736639	0.844689726589662	0.709084673373155	0.564984147335641	0.727907530580278	0.649741931538893	0.659531456641306	1.16275709153252
"gor(all4968)"	1.21948346154882	4.39404084270873	26.8827262240243	43.2156968003182	12.8951442966374	4.47454278392204	1.50400290825057	0.918526728684447	0.66918162603109	0.589884351465363	0.413631944230673	0.382939788893496	0.372488498414925	0.356905460449035	0.373494526339336	0.360438709149397	0.419060123370732	0.557810925561423
"fbp(all4021)"	1.07451917936063	4.54799388311567	5.48088182925239	20.1436891744364	42.903467711717	15.6313001638734	4.11993461707512	1.69084467446654	0.733218875188347	0.527086675107981	0.532461872450985	0.412242492416618	0.376115690655936	0.289130375578875	0.393060249089174	0.313625440258666	0.362495855601344	0.467931240354948
"zwf(all4019)"	0.224342158942456	0.97308866762631	2.43340885919767	5.27359356112354	28.8215494972327	46.6342869648399	9.88121909766038	3.27768974678132	0.754784070296778	0.37075255659345	0.206774697223842	0.172339948829485	0.15365773928536	0.107226820381554	0.154827094318162	0.154472173656347	0.172323951688584	0.23366239432214
"tal2(all4020)"	2.96588201027504	18.8139418486097	28.150284325555	19.1916792033591	8.64713924353938	4.91377831623181	2.48828720566429	2.6234251369455	1.40131987978022	1.63572051185229	0.930072963634438	1.14296823543147	0.926521031136608	0.902741597925214	1.14418842772423	1.08057958413505	1.17616811577227	1.86530236242847
"icd(alr1827)"	0.596065926233966	6.30239524865419	39.989871965453	39.2340809844837	8.20818905008325	2.68824848502371	0.80115159525126	0.546886580927749	0.254339146066094	0.211809137452903	0.137225080972808	0.137608504702946	0.152847570190481	0.104589316305697	0.120663376538021	0.112535173243237	0.141649686114584	0.259843172302349
"pknA(alr4366)"	7.93633467585395	20.6655940951802	31.450831387584	15.7184795531652	6.42202831386831	3.51478740721508	2.08620623072735	1.425665951523	1.5378569229479	1.11137382251141	1.12395292766322	0.887405977571453	1.79995607205445	0.747270989417951	0.877015222980234	0.671039607076323	0.836178901890531	1.18802194076942
"argD(alr1080)"	1.01714499909077	5.9171684877896	37.6613505026645	33.7645505607828	9.04151581061262	4.09240849443079	1.8954788613483	1.34010587955084	0.842670162722862	0.75513299194704	0.810261853063946	0.505812105829887	0.48160392608446	0.392053516655401	0.336973624581276	0.286224877282234	0.403007148921751	0.456536196640976
"argC(all2498)"	1.53271989611822	18.9465704485269	42.6862439837111	19.1292651309533	6.02469645877447	3.01468999867676	1.84541405399411	1.27582239372017	0.841944152939407	0.695406656419492	0.534531601331726	0.718042187722862	0.477379350620075	0.325935181887187	0.511215189900097	0.34853840580315	0.515999541628474	0.575585367272497
"gatC(asl3192)"	1.7362280766792	29.8580008114352	36.5301777892915	12.613995544751	3.98333838462932	2.10845158355561	1.62324803072223	2.34119906794483	1.34628220400675	1.45755171999256	0.896596496381136	0.998493629091186	0.684723801659531	0.575826216334677	0.755987547177366	0.934111923984091	0.712241725536041	0.843545446827745
"recA(all3272)"	1.73388785222715	9.72339351016668	17.9092283165507	19.8377888018452	12.5247001095397	8.06743546078303	8.27906159238167	2.87168636400043	1.45161972310384	1.24207868618348	1.04623207150435	1.05773651393949	1.82404435388807	1.18927864361738	1.51869163553687	2.32378678498548	2.25847091396859	5.14087866577783
"acpP(asr3342)"	15.6035488137169	45.1843930161427	24.6538913566058	9.21197435162253	2.47960604893692	1.16268426515873	0.429045195720902	0.547802782313316	0.159061450571477	0.114516515081268	0.0681038999506871	0.0550982532153064	0.0672657964739873	0.068806569408247	0.0514942649745438	0.0395365622959944	0.0486986234826615	0.0544722343278997
"gap2(all5062)"	0.611309235546973	8.14811949928229	27.5015336452307	37.1539173083131	13.1575761219311	4.66440157269038	1.57869334412759	1.1522754259323	0.747968237271701	0.49926699864941	0.415920167894713	0.412795542424179	0.34795995100104	0.420504979838105	0.629239185922311	0.909515793716547	0.700151255334643	0.948851734892877
"rca(alr1533)"	2.14854258763969	11.123251320805	21.0650173243523	21.7266184759389	12.3227843049917	7.50722256187977	3.43026178873113	2.3266358594735	1.2435352633723	1.06161087382298	0.986779413174944	0.936076708644569	1.06380271747931	1.08625879032704	1.50513850611484	2.34200472047297	2.31737549027717	5.80708329250187
"petH(all4121)"	2.03174093295276	12.3198054459823	8.25771726316356	4.95992254903438	3.25578298732714	5.12117886823854	14.9269599506077	36.0212394694361	7.12317143422296	2.34975324680542	0.56003039191287	0.39403225321233	0.2798948035101	0.24885524072576	0.352069313760418	0.452621603403667	0.398222484885551	0.947001760818414
"tal(all2563)"	13.762607862377	40.826589460347	24.6344249423802	13.2753296702547	3.17200002525397	1.34091828180526	0.766212267932212	0.528156620372388	0.26019263049759	0.233014337421658	0.152622437393838	0.192600045246648	0.171854191135211	0.159361286622889	0.156175602778567	0.120582904487228	0.149434408872925	0.0979230248208112
"psaF(all0109)"	0.928688130453251	3.6367228086635	4.51672044453434	2.4220847349497	1.39782180158074	1.49244842758005	3.73509711799255	10.8154746934174	5.60303228531026	5.46179689092868	5.78714136937763	5.90779037686814	6.44058826030441	9.8457100507136	7.33669857456605	8.05440985482213	8.03057645157866	8.5871977263589
"psaB(alr5155)"	0.157418669350632	0.726577305138355	1.04898032884628	1.22170689543012	1.10547042806515	2.11176012949216	5.57224298302345	8.7461141813952	7.60088102761614	6.05810553782332	5.30092005544206	5.31558027262377	4.96419842243894	6.48845455590853	7.79521446835557	12.3203903916179	10.0646275286507	13.4013568187817
"bchI(all0152)"	4.7686309963775	34.5169334984548	26.2700313226988	11.8531445262947	4.80116781263945	2.75096354927194	1.93390049301502	1.49961401821731	1.1164773556091	1.42074907514409	0.895024937632181	0.919534049346383	0.815016698931235	0.728425458816823	1.01608869271182	1.14898553211846	1.20230021529205	2.34301176742839
"cphA1(all3879)"	1.21765655026981	5.79325985529675	10.4251768886805	14.8156883510109	22.8831108260726	17.3385398175492	7.78283418128135	4.7394318755489	2.52993824513706	1.63948298593821	1.23651854204109	1.06816096768007	0.889762443994753	0.877343646996292	1.11273620820154	1.39697507999581	1.34676447872525	2.9066190555799
"psaD(all0329)"	2.68014535868595	2.95980673179899	1.8808441700564	1.19092228685596	0.770376085426975	1.817991044058	4.83172636849356	18.3864724314066	5.6285159394227	4.84878484133556	4.06558994599822	4.34701019641025	5.28253113427303	6.86147387568502	6.92343086456495	9.60153970507947	8.49992750010037	9.42291152034801
"psaE(asl4319)"	4.79922209756522	7.67838488697606	6.51073226752804	5.24474616566886	3.47927938516099	4.64512392158992	7.51685083128259	14.2347327839999	4.79241997622422	4.88281507056341	2.45396697043441	2.97034389600856	3.02602641982425	3.98240553705775	4.45609403445955	6.3095464721083	5.05568522485009	7.96162405869788
"psaA(alr5154)"	0.349511696346509	1.60442209475845	2.0734393304645	2.15300649357372	1.70006770302265	2.33662148929446	4.99554008825175	8.41107000146392	6.76204608678936	5.63805270140898	5.00185082173658	4.83515219639117	4.53733557371322	5.8980047521591	7.52135174331376	12.2907027035025	10.1548145334504	13.737009990359
"psaL1(all0107)"	0.458461053598407	5.93302208279603	12.0969904005564	7.06137104012163	3.4201115144698	3.6451513986593	10.8875699797221	19.494629279414	7.13831454953624	4.91448751822703	3.10895748444746	2.84295739754417	2.59450582271001	2.48185748669171	2.68584835907014	3.51134106023299	3.3502972737088	4.37412629849379
"glk(alr2973)"	1.09864671687633	22.3167618433899	42.907816092688	15.9416616339625	4.25787711486779	2.37078368138025	1.95149966340052	3.91906572578836	1.47753450353404	0.919023569465367	0.388457811934312	0.366131047123541	0.309339000546884	0.280025080670982	0.298228792015087	0.367853626458577	0.306956013667731	0.522338082229852
"maf(all3075)"	4.02170476136626	44.7450955353216	31.1584091426967	10.9938008010307	3.15492110703703	1.48968152698065	0.818725749632178	0.622456815659124	0.435510709210497	0.400069959880304	0.401244758805912	0.313549773806292	0.280285697497184	0.144573029153302	0.189925823544445	0.19321389282883	0.253714214139511	0.383116701409411
"nifV2(alr2968)"	1.36567568305051	11.7759731049468	40.1093028631494	21.7337686583003	8.8651178528604	4.52331117747516	1.6792712276784	1.54047190031645	0.71702949316317	0.685792388292437	0.528061989975784	0.59720922409406	0.448772090872598	0.639731126906593	0.710520572962143	1.39418492819125	1.17299597692866	1.51280974083585
"pyrF(alr2983)"	2.94263851293314	33.5242434807273	33.6197211930287	17.387710951409	5.3077892464122	2.6071625506617	0.84414799035293	0.831437764016174	0.417837802875161	0.384208415743467	0.160348446282917	0.232536807635495	0.27390685819023	0.126586659038191	0.274113258298492	0.346046688081945	0.236494434876393	0.483068939436578
"ispG(all2501)"	4.27377462877852	37.850436462621	31.9549862039293	12.1155609326164	3.99224938170874	1.97531720816373	1.09820249548599	0.847447670766527	0.618165246022824	0.606780241804609	0.51631715185582	0.872601689967621	0.558236102550907	0.536232629854903	0.490242569273641	0.431061276609615	0.506312390503542	0.756075717486326
"all0985"	4.22521511477147	37.5163645890549	28.3752267510562	11.542238636296	4.81689250067082	3.12019245723524	1.65255922815213	1.2527369453781	0.725139469356522	0.785476557455808	0.748148308554404	0.640526638664313	0.623843689006854	0.526759186506743	0.564684881085865	0.92758883727122	0.818689411683678	1.13771679779975
"asnS(alr3658)"	1.0508780396412	6.08757998289635	30.0034826964692	38.2939645127276	11.8093293517727	4.70632652655246	1.82675056307348	1.17366708620563	0.639244298255184	0.566528444266565	0.448263959384302	0.487446431858476	0.489354188848476	0.360545267130405	0.498387031466277	0.399920373518004	0.533566707466783	0.624764538466901
"cynS(all1291)"	0.35612527110266	1.74624722616231	4.03731818933431	21.2364762352354	45.8262716365919	16.0535649883307	4.73881860126803	2.28846666004663	0.637702104036149	0.488551550093342	0.288881400037174	0.304263276840956	0.300166259223954	0.274623896910667	0.272532742930841	0.340519240605739	0.308739140885841	0.5007315803634
"pdxA(alr4755)"	0.797992917082143	9.01438429142302	37.7944746223458	31.5816582122411	8.67006068667776	3.70229149348263	1.68813527189145	1.20321691271096	0.617133558312056	0.546015399654196	0.489991918330854	0.557813293972355	0.479241095579824	0.411288382517307	0.576593111086507	0.411339637584875	0.617593469873042	0.840775725234089
"gap(all2566)"	1.80378617641777	20.9983995391678	31.6924968108569	20.4070004576603	8.86304463128451	4.37848570267108	2.09611173204778	1.46502429810242	0.866543970546581	0.804130727897849	0.689249914417603	0.639306924937665	0.496988004466574	0.478864672411679	0.715922868349277	0.908564402546307	0.935824646408288	1.76025451980973
"apcA(alr0021)"	2.34885085835644	31.7982143657742	36.6238363630132	17.0306200471925	6.56315265922963	2.9315889833667	1.1410251331112	0.855125767672337	0.207663945419063	0.120121397355459	0.0742714771508153	0.0525117495803539	0.0438709174139538	0.0414378772075648	0.0332813986632389	0.0352153095112029	0.0266130302254449	0.0725987197567297
"apcD(all3653)"	2.26477835055785	29.8416530478036	36.3283025847612	22.1030085964575	4.65919804198864	1.78783139679227	0.670481905685491	0.463698811375487	0.299114477793752	0.217870873555121	0.155116253551064	0.17098917617396	0.162208047170536	0.14519029894742	0.158709542617749	0.159643577196466	0.169867939682022	0.242337077889854
"apcB(alr0022)"	2.33190488794207	35.5517922354542	35.1782390341557	16.6278904712194	5.87977804338374	2.49512246051521	0.915977184713196	0.64930985342017	0.131230806957617	0.0757593403543757	0.0342410533207672	0.0174784704299825	0.0155363271161325	0.0112986653937203	0.0193712225976459	0.0139607409221677	0.0180825256388087	0.033026676465074
"apcC(asr0023)"	6.61913245590583	26.2584382279907	26.0839831344102	25.2896374441318	8.15112068614392	3.04907319393557	1.11475948487578	0.753365279407131	0.425532971328254	0.321301452734342	0.447687298852347	0.269347437157016	0.189438509616885	0.131889822751111	0.169176545511574	0.174510060192706	0.223283873529502	0.328322121525386
"apcE(alr0020)"	0.921330615093297	6.08107096920973	12.359965694839	15.2191530697032	19.5996914292452	18.03634801579	8.66887305959454	5.76616917375676	1.91453818674503	1.26203458048848	0.879812257816936	0.888853826165423	0.77732234020488	0.908273555219718	1.16048364853358	1.76023364171818	1.52747279166483	2.26837314421115
"ppa(all3570)"	1.2571533397163	5.36006763147689	22.5667266520896	44.9941460323937	15.7704760900891	4.96245296086231	1.56107541478168	0.993564327028369	0.329878255305082	0.29489008538792	0.280722477040412	0.19892107775355	0.186391625244169	0.14678179912879	0.189424366647091	0.225307506322372	0.287664818718742	0.394355540013944
"fabI(all4391)"	1.36559353372393	11.7849711361152	27.2210166616653	36.5150501877624	11.7883093315049	3.88113511575543	1.37278805746354	0.882980844626559	0.482593712853255	0.415522178861874	0.362729700569164	0.435045689497838	0.373119227138643	0.329770151482003	0.430331297931361	0.499362837081096	0.547396259874136	1.31228407609331
"alr4393"	2.12259451015324	8.45848356523295	23.7658478062344	27.8249053441176	11.4864744809653	5.28775349297484	2.62723284718285	1.80226020272282	1.39045197460333	1.10814353753808	0.893147870805875	1.12632497769377	1.18812075574654	0.877307194192693	1.23851023489009	1.45684504109673	1.57419366355522	5.77140250029363
"accC(alr0939)"	1.83936771467935	15.0822034911477	29.5116942470935	22.3890680877817	9.54987774522498	5.30739256112205	2.50449076560555	1.74611260892504	1.15022572583592	0.996567022284579	0.859267212411912	0.672333818555363	0.664042618811789	0.83985785243696	1.18004833556811	1.44393146811339	1.50856885097244	2.75494987342962
"accB(all5057)"	5.86361222699362	46.1999248024318	26.0214219542236	8.60437925414183	3.05411675708869	1.66159628796303	1.36774304658068	1.70048292835283	0.717264677139381	0.634976235788609	0.735128869342939	0.513900623263749	0.458190092975764	0.34051789556823	0.375911517185183	0.444912177906434	0.464133148967392	0.841787504086268
"ndhK(all3841)"	0.902880941290373	4.4137510824726	7.64580876884614	11.5708094632386	17.733084430659	15.4453412406677	9.78623066703995	10.7376146316693	4.54821286131166	3.05059098291821	2.0802246278041	1.76493643091198	1.62519101258284	1.68765167466867	1.75436805854418	1.82350590932692	1.53929112320789	1.89050609283976
"efp(all5058)"	34.1448460754797	46.3444039259601	11.1855977892675	3.60146728441954	1.18584566275872	0.672377431923641	0.438160036984126	0.398710064618092	0.295787322362834	0.26913543916524	0.181059696092507	0.195705520311822	0.170977534647865	0.155671602750385	0.187894742566057	0.169286588109103	0.163269827583566	0.239803454999313
"nrtA(alr0608)"	1.43913642651756	14.4289507061202	40.9464072558516	22.1032705231782	8.05606737334908	4.12831952718386	2.33073573373699	1.57994556176523	0.835847176252196	0.601582065643402	0.394163589045076	0.399455691608161	0.388647261357313	0.336441146261403	0.426963025039165	0.487012293028426	0.461301670528574	0.655752973533527
"rbpB(all2928)"	23.1736372184676	50.7086233817731	15.8042096510124	4.37125416529893	1.40545018890121	0.664244573975873	0.50223139132145	0.348143495960809	0.341411715656823	0.315885995138002	0.313682594428784	0.311509501754463	0.267517701266472	0.357303490869177	0.266244458915345	0.272684273823238	0.248421230656316	0.327544970780032
"rbpD(asl4022)"	17.5201661983245	48.0964418029944	20.9731054751712	6.79264582721567	1.76514000299534	0.945464611592705	0.498605748840949	0.55369722229177	0.273511162097656	0.515749533126824	0.223821464723593	0.218372485941746	0.164383731595406	0.195720165964665	0.209986641116318	0.230551370407205	0.33795872946804	0.484677826132052
"rbpA(alr0741)"	21.2932330778401	54.3236881649386	17.6673291820761	4.35323770428382	1.02950364636304	0.303581966150248	0.147693412318243	0.144627508647423	0.0953450380380096	0.0717400850147231	0.127335641284787	0.0927698856461507	0.0547338478531165	0.0694992435078448	0.0496158513655913	0.0245451654906103	0.0527613807455479	0.098759198436063
"prcA(alr1381)"	1.90234164222756	20.5762737098995	40.2458996642014	24.2655048936798	7.15445483716245	2.45871932335026	0.888401951769826	0.654064875442336	0.302493284185266	0.227544662651838	0.172785709729049	0.180034843422432	0.141086599445828	0.123750992889871	0.151529712479298	0.170165771490391	0.16219752947888	0.222749996493999
"apcF(all2327)"	3.26702295766842	41.6952411254823	32.3875131671232	11.7535189827797	3.91799364860892	3.02185147247279	0.826589713466589	0.701477495241082	0.359928892894383	0.254770807646579	0.165301113991173	0.213187696719664	0.170616358433086	0.181713223400558	0.223846451738558	0.229290949805366	0.248248580981078	0.381887361546607
"psbD(alr4290)"	0.0845613610678065	0.397433450570631	1.84853221120116	2.33674327368753	4.08712914485855	16.1512404204655	29.9582111330269	19.6172023971913	8.40598093161756	4.29663886547696	2.42873435763435	1.48559394975695	0.753624217973113	1.45780794591861	1.46624150815071	1.81049392505916	1.34609114636094	2.06773975998235
"cpcT2(all5339)"	20.6113903673061	52.5896272740638	16.3347730484033	5.31060359145729	1.47665863836441	0.862944138723385	0.438668772909733	0.391665568003515	0.26829116527378	0.204407447138796	0.172975910839623	0.157291068640414	0.164951387834707	0.143741839872229	0.183235864071979	0.177662435112977	0.20853986087441	0.302571621109538
"rplL(alr5303)"	9.30481591156663	43.2033061527716	27.421736265917	9.02087442559017	2.45238228313558	1.05713736344071	0.472307515804906	0.441924317304572	0.29782396512449	0.219629164782329	0.218130094897485	0.208943250618296	0.209646132646891	0.256291581885491	0.275326732147599	0.58224648374587	0.344205400934235	4.0132729576861
