"F1_2"	"F3"	"F4"	"F5"	"F6"	"F7"	"F8"	"F9"	"F10"	"F11"	"F12"	"F13"	"F14"	"F15"	"F16"	"F17"	"F18"	"F19"
"hemA(alr1042)"	1.8531813694859	11.1882869983892	28.770406638721	20.6903286236002	8.42677645490215	4.88970880375258	3.15311161721375	3.15755345562712	1.83333466031787	1.46439977532747	1.28910884943456	1.37289613347286	1.40308417329733	1.36055270203415	1.34935057561549	1.99065506270333	2.28459335124195	3.52267075486308
"hetY(alr2300)"	0	0	0	0	0	0	0	0	0	0	0	0	0	0	0	0	0	0
"alr2298"	4.56603141917472	7.33323796195704	6.16788196453325	7.3132476590751	11.268810890597	9.14616543989182	6.06565822239051	5.64350858647964	3.82569396074959	3.45238002465269	3.53467733856569	4.17138205918829	3.94256599099408	3.83120322868643	4.67795345387311	4.24683553824424	4.19788876716232	6.61487749378449
"rbcX(alr1525)"	3.6546196024286	27.7344883106738	16.1087690931297	7.18708218591688	2.18549087449405	1.63330920425554	1.25539449789662	3.00100995932805	1.63714628120679	2.05107159829062	1.52463975697283	1.28789813419307	0.974200408013886	2.31806857234444	1.72582003385206	7.17493651139836	10.8573239807647	7.68873099484007
"nifH(all1455)"	2.11672183088463	19.1576315101581	27.3259978488714	16.9668803555753	8.07685517577484	5.52149623724563	3.27641056063535	2.26851772416121	1.32044782375995	1.12892285975943	1.21053667008654	1.27987315932096	1.02698369435401	1.23513685442828	1.19653205038687	1.59178390359609	1.95171304744765	3.34755869355379
"nifK(all1440)"	1.7640905919391	10.7582554668778	21.5682622864707	18.7607187248246	14.8052343254425	13.2303014308135	5.78006871667407	2.89749632126874	1.1511279221891	0.767181402514874	0.850033613886322	0.754536696027044	0.873832574982421	0.833446317188258	1.07691971624834	1.05598380879007	0.933179039551066	2.13933104431145
"rbcL(alr1524)"	0.135118164110729	0.632958245158289	1.78118947381639	2.39331936514708	1.45689913186208	1.01909578656921	1.51124132022959	3.64829171173601	30.1265655761574	28.0908131904408	7.39841297623066	3.51656979859129	2.49333151356263	2.41897641614487	3.18922463406325	3.49179575923745	3.23949373054956	3.4567032063927
"glnA(alr2328)"	0.242644814612346	0.949343808544816	1.03874068841662	0.803537775377815	0.438879339689595	0.343306297935331	0.287356005466782	0.721163976775492	2.6507291766085	13.0626391334409	54.3198115886866	17.6004070857707	3.50212744954168	1.51878995817404	0.971348358733918	0.649063017300493	0.425267838943819	0.474843685980521
"hanA(asr3935)"	11.5642222943659	53.1995110339291	21.9949384656961	8.166320291729	1.88097309992858	1.03512090540162	0.509790887980781	0.304947932150409	0.163466288554026	0.105738030939278	0.117266105571681	0.115061694442426	0.0713443248741709	0.109469439615669	0.0965469686127032	0.164723779209997	0.175594530877141	0.224963926121428
"rbcS(alr1526)"	1.2701593373758	7.08142478622086	9.58769237440173	8.99870107004186	8.89127677006139	11.6367975843784	12.3282012358437	15.8369481219462	12.4022604713822	5.5617167554157	1.69096323285525	0.857752599036903	0.629772872162737	0.625399656241038	0.583120105920743	0.547809115586457	0.505308342676736	0.964695568452282
"atpB(all5039)"	0.638711498750882	8.87635104633559	9.97856695772075	4.37129031622283	2.55873621301144	3.9534428056508	7.12330894198151	26.4635657030163	13.2403357323108	4.87284719096065	3.40189130063746	2.77989358403395	2.29052665784647	1.99455700666286	2.39871650599702	1.8833301000081	1.48355466502428	1.69037377382833
"atpE(all5038)"	3.42119657395163	9.39864321051504	6.88572901934231	5.88059765432502	7.07283905058956	5.64652201408541	5.38415242056633	26.4047792252895	10.3682255074129	3.61146651425824	2.4107012103887	1.95210372936978	2.05467547830823	1.78227103221369	2.1429596863068	1.86449896649647	1.82397754400034	1.89466116258007
"cpcB(alr0528)"	0.294699910816666	5.38881657403531	8.46583096560434	9.4883396016939	11.7474249419468	20.7929473135638	24.6273054542459	14.01161142057	2.49501143441761	0.785204591145484	0.39707564693022	0.299624028069964	0.215206199389825	0.173213906314525	0.204597934622823	0.212585322020026	0.155504328900465	0.245000425712276
"cpcA(alr0529)"	0.5085787284587	7.47587008263024	8.98754254380102	10.8024795709945	11.6823919864211	20.7587472243923	21.0533785404189	12.9928698774639	2.79739244274006	0.87764135404507	0.450242538856541	0.31093110522854	0.238178979668104	0.187596243188331	0.246623047297419	0.189793534551826	0.176556469613936	0.263185730229562
"cpcC(alr0530)"	0.26501141384134	1.72374080529806	3.88593322319583	6.0600045395054	9.97350289411031	18.0016998361548	17.2465306807523	17.2456168793767	5.97170410389415	1.96378820023481	1.37749716785283	1.24619296825025	1.49742416778196	1.58346900144202	2.35830584420425	2.80255628105378	3.14531083612188	3.65171115692933
"cpcD(asr0531)"	2.67074256069944	11.3268683604658	16.0429165690517	18.6927955512371	13.8780550316834	13.0082749428305	14.0912544875433	6.37145694566166	1.0936900087059	0.452342769304423	0.272096791374142	0.224838676006217	0.187351790859734	0.119048392070547	0.188389038338913	0.244743773398294	0.377174223428323	0.757960087340623
"cpcE(alr0532)"	1.46431657017363	23.9239012334598	40.1877660090002	13.9749387855767	4.7445966563987	2.77696799169889	1.84716816039209	1.95222874625828	0.99394894908331	1.15538321315079	1.19831488499841	0.769878283249424	0.834560019320924	0.834245757357884	0.890429958769572	0.562774399932506	0.661456479354613	1.2271239018242
"petB(alr3421)"	1.3725481478242	5.07623922953666	9.93314690203621	20.6880327953448	15.5822042225793	18.7187392079315	14.687666402142	6.58537475627533	2.13511417034933	1.32664749087724	0.719475864391987	0.622304555819452	0.417469424058897	0.366997266390258	0.333361807389853	0.393846595175312	0.397424181946415	0.64340697993131
"petF(all4148)"	29.8109945452864	49.9280807862846	13.6771240484193	4.03240537239924	0.868351662168463	0.437387671739859	0.268793021505497	0.165836734420816	0.109328139895629	0.0772100730478955	0.0648245071363979	0.145280827071767	0.0610558939071687	0.0404370965233143	0.0244292549998864	0.0420383558611193	0.108837120432259	0.137584888900383
"isiB(alr2405)"	15.7466383122988	57.4333828308379	19.3163278074113	5.23940473530653	1.16028701318771	0.381813550964384	0.189850123612434	0.174256006963765	0.0916448657650259	0.0474722826843943	0.0257363832905514	0.0277705663187652	0.0225421009449442	0.0252521432915752	0.0269548922226191	0.0343023758131388	0.029073653311032	0.0272903557750771
"cytA(alr4251)"	30.1402227944607	37.6465500594155	13.4282852674618	7.59175393966724	3.08446982990834	1.6844246319718	1.05821633390604	0.890690298798617	0.613387304837341	0.496959318097475	0.411226567679433	0.320099005803663	0.301686418043563	0.23087737639386	0.340967407868348	0.610297067525359	0.559243655844818	0.590642722316064
"psaC(asr3463)"	2.41476522002355	4.35865326893713	4.96871671581681	3.02811441049393	2.25729637073305	2.13286779726933	5.99906682923951	12.9742204920333	7.27022286741145	4.73335840198279	4.31261272083853	4.42560591949214	3.96068521779594	4.42590092696032	6.4143799926668	7.50073873088773	8.26734837325596	10.5554457441617
"avaIR(all3631)"	1.91521509640807	7.14131149897088	30.2662935774938	29.1928084966899	11.4965346537978	5.71418486737611	2.81842613966739	1.95358195597223	1.29577940225882	1.59773030136564	0.917847356232585	1.02248359039559	0.775143661410452	0.686240209103135	0.768599085222456	0.692658394609071	0.666960239582193	1.07820147344384
"rpsU1(asr0742)"	1.02973763747832	3.02458490727806	3.6194605003522	2.23447188436355	1.21932487093155	1.04368891192632	1.03221356877799	0.821002978470815	0.60909219416423	0.659290404628837	0.325135454513116	0.469499591927621	0.484476714381459	2.35080873448205	3.60456852203467	33.3732457289931	28.3017030379245	15.7976943573716
"ssb1(alr0088)"	1.16900271538113	10.3063428906802	34.9180465138117	22.8718983807163	10.2221869155902	5.25332356223798	2.73639053773377	1.8158496799295	1.67546187692592	0.911154983838692	0.686271145298744	0.579170485734958	0.666037767955472	0.523725459455548	0.705277316453208	0.706284672685089	2.62253878580694	1.63103630976476
"trxM1(alr0052)"	34.8556220861872	42.5155809660999	13.4404966923984	5.12776656379038	1.40536783800349	0.71349551133186	0.374791979720589	0.304164104269967	0.171059060583367	0.12871808422579	0.080594583363283	0.0880745512909748	0.0667370172884629	0.0511445071528296	0.0645555731907396	0.107845505640309	0.13520490205153	0.368780473410828
"ntcA(alr4392)"	1.90314358084684	25.382012711582	32.1026906447983	15.0015807417138	6.81383714786728	3.53945444453192	2.40521013213834	2.24291800518412	1.15752456876149	0.781535937397098	0.989433091592527	0.947830202415691	0.827371404477596	0.779806901350858	0.884115025057288	0.973093168035223	1.08123823666432	2.18720405558527
"atpI(all0010)"	0	0	0	0	0	0	0	0	0	0	0	0	0	0	0	0	0	0
"atpA(all0005)"	0.273744366777494	2.24845476985699	7.08412810720529	5.5529933410148	2.77335061731794	2.93060770921014	5.3330053944868	28.9036318645048	14.2038452017365	4.98153270384906	3.64696627743109	3.02638664262142	2.73330887954612	2.79123219302052	3.73869192999179	3.52057579611508	3.10594587789502	3.15159832741906
"atpD(all0006)"	2.17203891742866	26.5361611114545	22.8626515413273	10.0760945202133	3.12291355331016	1.84704435974974	1.45165668618153	4.13814401234336	4.29677832785607	2.6319606196759	2.56498728523955	2.5379669983189	2.65144486981258	2.98103343607272	3.13525641556738	2.44369191431289	2.28982123984416	2.26035419129125
"atpF(all0007)"	1.14619781925483	14.7237060823771	29.563230095472	23.0181505147413	7.51875202142991	3.59920529763622	1.6072980611116	1.43441636665624	1.18317168239481	1.37263739756064	1.26748230233041	1.3025288952674	1.49519866104881	1.51996059172311	2.38620728340345	2.0611804940284	2.323672207372	2.47700422619179
"atpC(all0004)"	0.4381179950549	1.73703829477671	3.79332362583902	4.90799775915196	5.74936744959004	4.71935946921041	5.20899993626445	29.6441901284916	13.6158951028636	4.81529914272338	3.94558115792583	3.45477951461036	3.16223995368417	3.15826388196915	3.68909388868046	3.03351244469415	2.51750199184708	2.40943826262275
"atpG(all0008)"	1.45108346169646	18.3019473139587	30.3535871570108	14.6066127909033	6.01047111212013	3.44024279632274	1.48862536047197	1.00869995775884	1.2184131988125	1.11460290015752	1.4644634314454	1.72545424122937	2.30891248447423	2.71588669743552	3.38378606947427	3.03711691147312	3.16418831790612	3.20590579734897
"nifS(all1457)"	0	0	0	0	0	0	0	0	0	0	0	0	0	0	0	0	0	0
"psbO(all3854)"	1.8152793231732	25.9076709459617	43.7232289168591	16.6622300347487	4.87608217707551	2.38873666035147	1.08060583353053	0.716565322835211	0.327963098367762	0.23695865530655	0.176266349232019	0.189164789648478	0.179320955031698	0.191973102079458	0.292187133306968	0.3702116510866	0.364446372749549	0.501108678655424
"hesB(all1431)"	13.7506053809949	41.3050535399605	21.369336758044	8.67029114519497	4.15688978640368	2.54013804072442	1.67356996789006	1.42445205279714	0.796029985888137	0.582421790813307	0.512410049094115	0.532133013895447	0.593668104489646	0.155235115738613	0.228223938497883	0.227835521225486	0.365714401348468	1.11599140699918
"psbB(all0138)"	0.526619940255769	1.63055011513723	3.78780375211997	6.77022100935268	5.83964875392061	10.7891699154077	25.5476481076639	19.6245796804187	7.47393256846273	3.56782012346931	2.37667215089503	1.89871347675743	1.41566558071801	1.32913708948671	1.68226683772149	1.67329556878461	1.75281780248361	2.31343752694449
"trxX(all2341)"	16.6802475543357	40.5274483458866	19.8591272368165	9.2617396366569	3.52408342159839	2.02685305684312	1.1229007236305	0.841145893349121	0.519849299186989	0.498817030875778	0.455115263783616	0.452886699692971	0.453484760322773	0.561350820908959	0.547139242344655	0.646331711822755	0.609867734869242	1.41161156707543
"hepA(alr2835)"	1.26536316388152	6.20137856262053	20.2825999003511	30.0579406061374	17.0398365156046	9.92442083305064	4.37473556419197	2.46867693390065	1.3954948860504	0.831288345470694	0.611870759342123	0.521868735378926	0.900957502856719	0.294246557313019	0.735165963969618	0.733936366976688	0.760780467945217	1.59943833495816
"rpoC1(alr1595)"	1.20637261304466	3.55920391544133	4.068474094408	5.32344390195829	4.1897082846956	2.85966551314824	2.27672293208713	4.87982420574194	9.99000948579335	7.68878180358572	6.32937781129894	5.6938670443113	5.43132718374883	5.03692415828413	6.94817494476563	7.62496609214514	7.53504821419768	9.35810780134408
"rpoC2(alr1596)"	1.01557216001272	4.31160430285423	7.72998606776631	9.40711547378622	4.82479070630778	2.5164961873527	1.89773051206411	5.17549662672031	10.2606437996602	7.3380002823916	5.9890600389186	5.19371938468248	4.76861464102553	4.45888064746811	6.24723124523355	6.12951599299736	5.91268574601068	6.82285618474753
"sigA(all5263)"	1.22685705399909	3.58802829097323	5.14494577741939	5.63228833970273	3.84809550310386	2.72304052721957	2.44679668418945	4.95485172156136	9.4158248200402	7.30239610750957	6.33148096706282	5.1915209749243	4.56326113817641	4.81885987190432	6.36113328605322	9.27025356057585	8.20508853778903	8.97527683779558
"hetR(alr2339)"	0	0	0	0	0	0	0	0	0	0	0	0	0	0	0	0	0	0
"ppc(all4861)"	1.05685042530192	3.65223222962292	5.1777184809737	6.60248798046719	8.5307975899485	7.90797144376131	5.55693140976608	10.3484280267076	16.2098831477944	6.38111026052262	4.28862228996285	3.20875464718267	2.93304845579013	2.7882891964178	3.5825245567111	3.48258110905824	3.56006434491424	4.73170440509672
"alr1448"	1.66702885391199	5.76862270455555	10.4341217642031	24.1633426073783	23.6694916066192	10.8547545084713	4.61169458585438	3.14066124310253	1.82601961737184	1.52383084217471	1.34256402950048	1.27498004042482	1.20699315469219	1.20406022281184	1.6364327057377	1.68152338742281	1.75676610262619	2.23711202314106
"alr1449"	3.12597033442357	22.6660420700101	29.3458764106198	16.2373048628171	7.33673438476131	3.94734609947959	2.79934182220241	1.82816479824043	1.24535051867183	1.04691572752967	0.824614810171545	0.987127318729957	1.10418904557769	0.951504326609761	1.13391086870628	1.21827336547133	1.23593804883788	2.96539518713981
"cyp110(alr1450)"	2.11620769510537	8.21443565677376	35.8599061441218	27.196502402425	9.21098650175201	4.4124613778499	2.16079665457833	1.67991954261537	0.959739691716585	0.795449218329599	0.870977901851163	0.802717815448406	0.744812747649197	0.625980725251322	0.811863671166652	0.951407056492204	1.12588249413128	1.45995270274203
"cpcF(alr0533)"	2.59457878609183	26.2629134688955	35.5130225916366	14.7223261928152	5.5142696183566	4.79885861401774	3.60296946478102	2.28931938039321	1.42719319102381	0.927776589067373	0.580937146015397	0.478204679889677	0.4509273226976	0	0	0	0	0.836702954318497
"cpcG1(alr0534)"	0.671802507070094	2.09939739236485	2.52711811032775	1.93137755111223	2.43749181729456	10.9445716047593	44.0189308691281	24.8370783940748	4.2869647003028	1.56990168815466	0.933928027635982	0.615057807363875	0.519762077096004	0.498230514747815	0.562203398267623	0.484160785508497	0.462500047328035	0.599522707463095
"cpcG2(alr0535)"	0.719447354494261	7.36030629934224	15.0628465032443	17.1978482014472	11.3958336424919	13.9827157892858	12.1010719175283	7.04694060984401	2.21253632702674	1.21152325163063	1.1375599136737	1.10447652047362	1.21680234931694	1.27810531401951	1.70601598047406	1.64652553292753	1.68302787834458	1.93641661443464
"cpcL(alr0536)"	0.392533478641683	2.13210418000226	4.46622807216707	7.0589800358047	9.95419964342291	14.3447354396287	10.4664714642369	8.5887953366324	4.34915484775322	2.60756540790079	2.36081796073643	2.74543446242469	3.14358221970099	3.44413894499196	4.86477702211587	5.21511659548448	6.12846316702677	7.73690172132815
"cpcG4(alr0537)"	0.817268733239331	3.04828737257035	4.01076929609984	3.31895078316316	5.47282754138545	16.4501350320359	33.1702906144142	17.7852422540703	3.20923564462355	1.54001397677243	1.05232308198155	0.88157901281331	1.00695059586438	1.02722577661772	1.36103037062959	1.62383909472158	1.91520112239672	2.30882969660065
"agp(all4645)"	0.680693410442786	6.22469686609807	24.1617033169381	39.9169400629	16.4548051612803	7.0765949450743	2.19805609660559	1.08593549150796	0.414888772486427	0.252666286220795	0.193671825935168	0.182379137040871	0.155789899197274	0.133881377336484	0.180411869123572	0.191997805744418	0.219513735541111	0.275373940526776
"pecC(alr0525)"	1.77621823409017	15.9937863751483	21.5861482829407	13.6826159167607	5.22516862332756	3.44699307922174	4.25909854708181	15.6498227487975	7.2110279837413	2.03836916211888	1.02267269042663	0.775086656569906	0.780543425911381	0.748792735582239	1.05391160508418	1.29715028790015	1.41766617848542	2.03492746681145
"psbA3(alr4592)"	0	0	0	0	0	0	0	0	0	0	0	0	0	0	0	0	0	0
"pecA(alr0524)"	1.97631747039017	36.7098928993763	38.6993685599526	16.3001159699352	3.34241500529124	1.15817965258668	0.493641268318502	0.402382911283559	0.196121157139687	0.195347175418389	0.068111194835554	0.0614781129133664	0.0557748985885159	0.0509868149431455	0.054935986565385	0.0621071077649341	0.0831132790080434	0.0897105356887943
"pecB(alr0523)"	1.67129239148004	31.966478716736	40.2116598714529	18.7781731537209	3.99246448498842	1.40387933364904	0.569769222473379	0.430362973807298	0.241289629215396	0.145097662701364	0.0802778376530844	0.0721692756630389	0.0598497785803932	0.0546769719871186	0.0656407837226955	0.0712517945497715	0.0655379574117626	0.120128160207395
"hglB(alr5357)"	1.05914627729886	6.75872126920907	26.0516431330927	27.4565481516102	12.105846540723	6.56052454051411	3.11980314713626	1.76745299178909	1.75582059870946	1.2813100987434	1.31677654904792	1.06856825541082	1.84612535216769	1.14636626400768	1.48636384192117	0.876979195745753	1.87258542427428	2.46941836859851
"nucA(all7362)"	2.7002797022382	31.622034080952	28.1145319986779	10.8254295759631	4.83015804445254	2.24457283114884	2.61857353331903	6.07307011290761	1.12760467264693	0.936403300835912	0.923357392999453	0.779040808275028	0.630163711604181	0.533939107107032	2.16791930400051	1.42234510328937	1.15460858193856	1.29596813764376
"gshB(all3859)"	1.45998931305727	5.1022416780122	9.07783715772327	25.5706170619047	33.2189061463504	12.7501862478193	4.00663492852645	2.3641402523679	1.08508292175437	0.80853337370103	0.931443430639612	0.567426792413922	0.427919405421894	0.355797183336561	0.483788750060969	0.541026539396449	0.501569234849032	0.746859582664702
"ftsZ(alr3858)"	2.84907494869793	29.8675197701294	32.1209723255687	15.4968553320766	5.69022557868373	2.83122937110604	1.48799730432337	1.44548527147209	0.967282287757398	0.824295123432324	0.638983838351909	0.626213532354734	0.576596291888914	0.545825350829119	0.759838167769596	0.720995285980957	0.880693568517622	1.66991665105958
"all1601"	0	0	0	0	0	0	0	0	0	0	0	0	0	0	0	0	0	0
"pgl(alr1602)"	8.60607581618877	52.3246889157686	22.0906445464672	7.63314815768719	2.35808422372905	1.39121249793211	0.751181775082426	0.580355968612875	0.549518946395273	0.532459995746089	0.463764686385188	0.422977642225428	0.477189577745377	0.307919796033987	0.269190635088923	0.390294446013746	0.334675292690719	0.51661708020699
"fraH(alr1603)"	19.8927457084034	63.9360565511289	10.7084564761695	3.92391847153848	0.752783273635316	0.271963528593844	0.13347843500717	0.117767698262818	0.0609481302231353	0.0438540886674886	0.0180678907931056	0.0190348328171814	0.0202035357097571	0.0122109359073606	0.0144064536398811	0.0333907421636324	0.014368640995755	0.0263446063432838
"fraD(alr2393)"	1.27089734087042	5.30574452153778	13.8712226629208	21.2401000392256	15.853572747085	9.28915340401752	4.23284924645018	2.37165819954096	1.0713465970803	0.756532269249257	0.664368254430018	1.31686815011707	1.80055821314817	2.1929356507113	2.67595291262143	3.67731465919367	4.71045361775334	7.69847151404711
"all2391"	5.8469423379213	17.8358883129047	20.0095063599908	21.1950904620582	11.8429535329682	6.70127154771022	3.23051182497004	1.91902174125802	1.07696670110367	0.954310348639424	0.786912873860237	0.806777158359768	0.843397818361934	0.766688702629842	1.11348703433054	1.18131629954693	1.37754772370296	2.51140921968314
"psbA1(alr4866)"	0.714469689028402	2.23863144939498	3.28706807217617	2.61098740154766	3.41479284718464	11.5022175499216	26.8077012006524	21.6566808114538	8.16912745899821	3.69226613804429	3.53067824790834	1.98865803685306	1.64495049326864	1.35388579404663	1.79350174394097	1.6880954036959	1.71835357536096	2.18793408652333
"petE(all0258)"	33.4982519835359	42.6144630679115	10.0225828859403	6.67484785990184	2.17694619219121	1.57123315093272	1.1013455603297	0.732987127764074	0.362192835824742	0.236466493472642	0.117469063173534	0.134919495691697	0.0968882337281508	0.0949922073895866	0.110740578772643	0.144641749253984	0.148878121241317	0.160153392944357
"leuA2(alr4840)"	1.28291866170707	4.85470619077803	14.2440818357169	29.2862386989081	23.7854281331938	10.4096329620421	4.21997890415979	2.56369166887116	1.34083262017955	0.802030393689388	0.836032703013877	0.884387944728227	0.667337856078284	0.634178222320455	0.787185174688182	0.771740854133798	0.988493234706848	1.64110394108447
"gor(all4968)"	1.24621948973898	5.49470547711187	21.9118500882533	39.0602550844856	19.2512254225092	6.11635700396095	2.0106231436393	1.01686688203423	0.618980249093444	0.633781683458524	0.318222277934563	0.322416782142891	0.296387807982663	0.275469530053328	0.336671065302998	0.310276339207163	0.334047776829866	0.445643896261112
"fbp(all4021)"	0.816880208385984	4.32461994933694	5.33406112161697	11.2965511113263	38.4264944325626	24.9713179904213	6.89860957196965	2.94807467205389	0.875201680002246	0.577044063674359	0.796047428881085	0.520518741379433	0.356407377360397	0.236391867767143	0.322723587680106	0.359256686150516	0.342791938949129	0.597007570482019
"zwf(all4019)"	0.504697402394067	2.00023327630801	3.71194604471326	5.25839260002746	19.0823994318397	44.598842940956	15.3007756222629	5.11228237170821	1.35220709366661	0.654816836781251	0.374781293548038	0.313424344686134	0.306245451977584	0.215760389613419	0.245528485014835	0.275336750751464	0.276858399914007	0.415471263837072
"tal2(all4020)"	2.86336491382377	19.574807547192	28.7705462263463	16.9798057740241	7.83821700033648	4.38940381612871	2.94714617238561	1.29011718358004	1.85567977747877	1.84095242930416	1.15632298616389	1.20901751493978	1.12986748453706	1.13735990984297	1.37667723258499	1.57002361692645	1.4728107259287	2.59787968847617
"icd(alr1827)"	0.530644658714255	5.27361737230107	35.8789152739541	40.0678120471911	11.2546348451335	3.5020376526718	1.05789861961454	0.617222541364582	0.283392212423703	0.224546320098044	0.158036356160153	0.17588665607956	0.157047528223536	0.1235130641475	0.145238958965769	0.146718781993042	0.179077909876416	0.223759201087258
"pknA(alr4366)"	5.48061544376649	19.3815933835764	33.9835173735074	18.2107435070702	6.5916294049058	3.39363983092899	1.87693627716176	1.61067836459215	1.20942204754538	0.951241715582658	0.756171654882641	0.801160432134841	1.32231435782136	0.779417873763866	0.821714783172289	0.863502012538234	0.802574469658596	1.16312706739092
"argD(alr1080)"	0.837989796862892	4.60348795644846	34.709899190081	38.1234737313522	12.1362998112069	3.8901044670804	1.48056407728054	1.06585807436036	0.555980042618007	0.31714755175419	0.268685634465804	0.24502311740157	0.259320142364108	0.230239418261048	0.246948742012902	0.270847911625952	0.313120345582288	0.445009989241441
"argC(all2498)"	1.17691333466703	17.1640132538579	45.7041752912281	22.1347965447379	7.13698590989855	2.45495797152938	1.0564882756792	0.731608545257567	0.51825217907911	0.332491511984801	0.216421583893329	0.221037554288916	0.195530240351276	0.20434150896221	0.154883287305167	0.162677434160053	0.209552158624235	0.224873414495296
"gatC(asl3192)"	1.68976100875336	30.7282835138263	37.0195256600916	15.2591677947761	4.14673921564315	2.25511601224516	1.68204535841696	1.87707663813962	0.685915166113827	0.793258434975958	0.469755883404384	0.502935366969068	0.471505255137202	0.363950585313254	0.425488484086334	0.486833757830665	0.531990571283369	0.610651292993674
"recA(all3272)"	1.95198039942503	11.8737470342859	17.7275320275407	17.2564539071782	13.1734567015504	7.90841392537117	6.31018748143509	3.11483808690776	1.75296454403734	1.20696280487386	1.05041559322674	1.44874879921418	2.02260233190591	1.53444194980654	1.94612719838819	2.19009369629829	2.57137901181848	4.95965450673624
"acpP(asr3342)"	11.9660314694171	48.2753108372685	27.0489657933884	8.62864134230402	2.24818449999624	0.797114420712623	0.308237265351249	0.236481713417215	0.105913013678521	0.0691052100000573	0.0428492629894724	0.0325638878958737	0.0415031845069514	0.0422410719868871	0.0421964109868682	0.0291636020232539	0.0328767483726944	0.0526202657040229
"gap2(all5062)"	0.851201538808617	10.1545271795329	28.3247486251368	29.6724523750499	14.1022223738492	5.83017009457851	1.98874746180351	1.32041146087602	0.811932863824938	0.596496141557814	0.617161021193846	0.586327305356777	0.541534644200879	0.573405335205272	0.800161894800244	0.942861572843453	1.02565774591392	1.25998036546742
"rca(alr1533)"	1.8296697814743	11.922373424507	23.4780379394774	20.4165900028578	12.026411018922	7.27159859974356	3.59518135922733	2.37257839951936	1.21203612671617	0.868976834950301	0.879219530325899	1.17212110668054	1.30541854016414	1.20342568007617	1.71076461420465	1.9582559127597	2.20927100805172	4.56807012034201
"petH(all4121)"	2.01170217870682	14.5240468251877	10.5489834223021	5.86233462026645	3.66664689579832	4.94802754615622	12.1072258141778	28.2936646961704	10.1098953840675	2.57485193733888	0.949684895860209	0.663222940393822	0.447290726051559	0.432926633360046	0.57008098230744	0.562008106368257	0.526074655584967	1.20133173990145
"tal(all2563)"	7.11039574268268	39.3491013652519	25.1794004252261	18.9473676340943	5.11149870825602	1.79754619976095	0.682037333458917	0.479675056410883	0.240776966095216	0.174832794191565	0.115192291290728	0.0970964638306355	0.101878583557539	0.0892273044416415	0.0960092429713442	0.105025996418172	0.0855209080351093	0.237416984026207
"psaF(all0109)"	1.27348312553607	5.13413079877505	5.17328565401267	3.16992506614427	1.46801770983992	1.2913935390852	3.30265614127007	7.63336319202689	5.71600006872484	4.4491974044165	5.38831718511734	5.89792522121618	7.0686874014745	8.51818248051218	9.36089300605849	7.47656469815458	7.84798257090449	9.82999473673076
"psaB(alr5155)"	0.109178490494687	0.667946860738666	0.912740951381621	0.898621117517235	0.800147436795158	1.46720062367546	4.69880368933317	9.4427304297842	7.85507807350837	5.53094528573829	5.45734188707951	5.64119545118866	5.38651525816725	6.24596774414121	9.59344159444892	10.6840228293273	11.1910264755279	13.4170958011524
"bchI(all0152)"	5.07938694219077	40.2119895222095	28.943225606423	10.4608925722382	3.55536746252568	1.81781416540203	1.17536154421627	1.0008088808214	0.717715937902763	0.997321483920185	0.549781008279315	0.684473504972427	0.546431144992926	0.493384080079242	0.657758878374714	0.74766253757131	0.798620012612166	1.56200471526812
"cphA1(all3879)"	1.42922534044871	5.39339441277733	7.84640728109641	10.1973935754259	21.1073037528754	22.4839655793595	9.72345953970219	5.3903335389829	2.54623644111833	1.60516525872189	1.19765721999785	0.993318974020201	1.0085384991075	0.884196720000985	1.17155190994702	1.42332010873632	1.35420601434221	4.24432583333936
"psaD(all0329)"	3.41656337859505	6.80210886895418	3.08813575555095	1.77586364263536	0.991781295823784	1.34296104560071	4.24093369505271	9.63376225336589	5.88141576692554	3.93122982777326	4.38518999900149	4.67967448567402	6.18432943624886	6.03843419972757	8.29678610584008	8.1061892356485	9.5401534878695	11.6644875197126
"psaE(asl4319)"	0	0	0	0	0	0	0	0	0	0	0	0	0	0	0	0	0	0
"psaA(alr5154)"	0.211475416549587	1.055469231924	1.26051753866162	1.29814857355848	1.17166149128269	1.58953948187579	4.3889661246574	8.92617235623911	7.27042292878177	5.15964727819003	5.34873312477699	5.36267288382287	5.11925490653643	5.8968919153203	8.76752968574929	10.8968485825161	11.636116570877	14.6399319086805
"psaL1(all0107)"	1.05223468175957	9.58905427774144	20.9341246410476	9.25365628169807	3.48261883194146	3.35161168847477	6.54351935312655	11.9908488801121	6.31580018204793	4.29864056504481	2.97647857885314	2.60121377777634	2.55381732516771	2.16346688843341	2.9013266562081	2.76101426594134	3.077842293338	4.15273083128768
"glk(alr2973)"	1.0143731174938	18.3760734870488	42.8842136824216	17.994427410069	4.82618220351195	2.68661670594728	2.38301273917761	3.71684794657434	1.76315646948056	0.92209212614477	0.528676902305385	0.4607976260068	0.399515704641527	0.33064974863186	0.411057318064996	0.372425867497229	0.381379771085122	0.548501173897242
"maf(all3075)"	3.45223419716424	39.7213240627786	33.1407626907488	11.9297141287652	3.29209408321166	1.68459926160792	0.990177449133467	0.737682973665121	0.608192405920474	0.583601385773643	1.18027083153645	0.694931461543117	0.466305971303759	0.273533968181975	0.250029590690449	0.267069927191755	0.362292434619072	0.36518317616426
"nifV2(alr2968)"	0	0	0	0	0	0	0	0	0	0	0	0	0	0	0	0	0	0
"pyrF(alr2983)"	0	0	0	0	0	0	0	0	0	0	0	0	0	0	0	0	0	0
"ispG(all2501)"	3.64072483495328	40.1649360578829	32.4727035529012	13.3671256185218	3.99413228505261	1.76810247560273	0.859858695279143	0.631670523321354	0.433574450399365	0.388851496526275	0.279028871809544	0.319935398995303	0.247366585938232	0.20322585869321	0.254547566397076	0.269540991104859	0.264895618319762	0.439779118301323
"all0985"	3.43164442123571	36.0978042355372	31.3910404325642	11.9757614506211	4.37022258188062	2.43882441556453	1.4269747458064	1.29947691763246	0.838428863159449	0.678742919183607	0.851376520925151	0.599832675137295	0.569556738402145	0.473464539963755	0.726960215322555	0.76291602902773	0.750503127115207	1.31646917092089
"asnS(alr3658)"	1.12237883215862	5.94854549460544	26.2261345721458	36.1205398111115	15.3148717287554	6.27412644955124	2.50162851594089	1.3731233589103	0.698952145224238	0.637015247945048	0.406826547102412	0.415883013306729	0.398447426341234	0.340054672814257	0.465211299970865	0.476661414882613	0.448109725304338	0.831489743929112
"cynS(all1291)"	0.340569812302755	2.69358548058439	4.3896660188983	12.8947002665427	42.7598893686136	23.6362215210868	7.41949334971719	2.71847710700572	0.682630528781995	0.376505919352783	0.293331235553717	0.205131350956842	0.258277367952265	0.180993229357039	0.179594526118061	0.236878451197184	0.222877811804169	0.511176654174503
"pdxA(alr4755)"	1.83931352835878	10.8841128243769	34.1033696333006	28.3368216178037	10.3361136411389	4.17562256543119	1.72030417956539	1.28094716097599	0.774428090276892	0.652895551908153	0.530791060944325	0.457858930977174	0.607752228370096	0.622162231168793	0.751362990936107	0.880528320440421	0.632917693324165	1.41269775070237
"gap(all2566)"	1.76451124418649	21.1192818676014	33.5464131157247	20.1739316563193	8.55772355641011	4.23636869281796	1.78287644623015	1.14380588901359	0.730005804198966	0.850797350788856	0.656062195410992	0.577027873623654	0.465281775564388	0.47999616438369	0.673549861699604	0.764953478704263	0.876577494565973	1.60083553275592
"apcA(alr0021)"	1.75221432850054	36.5254305251221	35.4355400668597	15.7026862146441	5.15301390145332	2.84087854102974	1.1818168890009	0.62014585047329	0.195574541008166	0.112572001532932	0.0804866238965434	0.0597311820639176	0.0606737043887563	0.0341174385153925	0.0475093917065992	0.0386862070746534	0.0408236210522133	0.118098971677105
"apcD(all3653)"	1.91476723187682	33.7221034387718	35.399599295493	18.2857953820649	5.14232981405611	1.8717525934141	0.821439279334747	0.527468485520402	0.366272757942143	0.29656759641492	0.233120530680826	0.219839866285819	0.196861567028099	0.145315370009513	0.180949505598543	0.203087051112291	0.203523839155534	0.26920639524048
"apcB(alr0022)"	1.64058552579239	38.4935571884199	35.6490814181046	15.5481398343246	4.66274756261945	2.29344219750523	0.880135651504679	0.434016780157208	0.131719007635789	0.0638225415620681	0.0523318033410056	0.0270530655056698	0.018675067695177	0.0152843053453114	0.0167273030731439	0.0175530181761644	0.0142305835300839	0.0408971457075215
"apcC(asr0023)"	6.86753854720404	33.9681959472165	27.1883970314321	19.7562688135032	7.18974292423099	2.25095315361991	0.815550793632989	0.501630974360532	0.35664883374788	0.128029742747996	0.130014511029133	0.0959539472643582	0.0818670370209416	0.08563034807419	0.0855748935184076	0.0863078823428953	0.0924958424170667	0.319198776636899
"apcE(alr0020)"	0.844094883236116	5.55372418166134	9.99659713780456	11.1115485489264	18.44554120724	22.516507143442	11.1609245348051	6.16284207107117	2.16597483065015	1.24590389148131	1.01700059402787	0.967702785203532	0.86071796412273	0.911476787176909	1.27096120777162	1.49615157885979	1.67617626088634	2.59615439163311
"ppa(all3570)"	1.76415186016867	7.84342482954992	17.3232137441657	38.1773493790938	19.5213654605392	7.61686115039534	2.4625807982075	1.48966289247282	0.561546771518125	0.355838610906987	0.483952743214503	0.360755318726891	0.282381655057784	0.254663036540179	0.256675997865103	0.350431749975303	0.386382658766281	0.508761342835837
"fabI(all4391)"	0.851978562694802	9.53251578039709	23.4217513710853	36.8488575660105	16.0571132333777	5.78777243362854	1.82036752012079	0.933476586039095	0.454988569901122	0.347579404249247	0.266156933168067	0.379398263531571	0.370410663377695	0.316270209223717	0.472382153712725	0.509604976585059	0.495025394467013	1.13435037842999
"alr4393"	2.99101738249127	12.5862344111281	22.3615779732979	22.803890880325	11.1517494705788	5.35069210528296	2.51771072488024	1.83840605988174	1.52569796468581	1.84915845833855	1.2856973641427	1.41569002756309	1.19956039861471	1.26667345293837	1.64484442209449	1.70829305744701	2.33600025993908	4.16710558637019
"accC(alr0939)"	1.29125175122689	13.0043541464187	31.2305753953759	23.0253290337607	9.46211394278962	5.05112741463832	2.55605708309614	1.73038207136929	1.08027220011882	0.968185809359821	0.71042525397244	1.24373831678419	1.87490337257397	0.91380583731358	1.05914261282091	1.07285491311608	1.52784293294257	2.19763791232215
"accB(all5057)"	3.54904440439383	40.3522543884346	27.3185436669387	9.94124244884263	3.54983018320838	2.02407337893328	1.9028840716396	2.95259185058021	1.37461215675137	1.37745702622597	0.902053632258516	0.862151666464008	0.726077930165837	0.484976156500526	0.586793254722862	0.545115075636375	0.507679021464467	1.04261968683879
"ndhK(all3841)"	1.12341522310424	5.34553076410892	8.55922933378963	9.85044616374634	15.2969751581858	18.4044992714681	11.4575460314852	9.91228897434693	4.36148058942223	2.84033959874439	1.99705840336275	1.656995231494	1.41436894884994	1.34763107632866	1.60907301265676	1.4537432504687	1.45991164187411	1.90946732656326
"efp(all5058)"	26.4610458811522	50.492378831718	13.5366792534795	4.22279894366858	1.1841140300108	0.641806019290275	0.4151442570391	0.45190859117095	0.302871661736773	0.330735916273184	0.208657574792075	0.235714078096919	0.211232036594587	0.199455111738276	0.193000663833652	0.254841506007219	0.292500095385501	0.365115548012368
"nrtA(alr0608)"	1.18313782270428	11.3393630684245	43.4416437677996	23.9311751923936	8.43587619267009	4.2465792584912	2.05821748796503	1.2988739426169	0.553756365730364	0.344550846651238	0.317174487027211	0.307854703211862	0.288394292186654	0.303704295559918	0.370095704497605	0.448578632729752	0.453373351993064	0.677650587347129
"rbpB(all2928)"	15.028862651972	48.1392324467272	22.5583944767215	8.01365343443756	1.87267602174658	0.672347010458292	0.420484559048452	0.390122800591833	0.25765224519648	0.249069439256377	0.247274582236343	0.33205994862272	0.248197936360915	0.335996102405052	0.280665150889186	0.269183196614185	0.237277835620651	0.44685016109471
"rbpD(asl4022)"	15.8520053472215	48.1956293613591	20.2880685563323	6.97929547471573	1.76960093545416	0.898211288502963	0.544160182154519	0.586187769712921	0.354035955967584	0.840534757571319	0.34972696351032	0.324054516871135	0.27438350860257	0.344254024350046	0.284327052530188	0.466369437983343	0.6045330243889	1.04462184277131
"rbpA(alr0741)"	15.4381020448304	56.0944800781222	19.1175571997091	4.97476035750313	1.12301647889081	0.527314180269913	0.286581733286518	0.239571534915296	0.21220941852927	0.163012934439107	0.239123753194742	0.230690834330274	0.113232332578037	0.141768290358772	0.207299976176449	0.348851533915128	0.236265455833988	0.306161863116875
"prcA(alr1381)"	1.19298602588098	18.1358165547659	39.345741666843	24.953279648516	9.30033283190328	3.03078375409876	1.13866677052293	0.688242627271579	0.343725250597231	0.249434174656395	0.197290178900038	0.19674722024557	0.164051898359796	0.128348144497494	0.182132841175762	0.200791625583753	0.221411165168364	0.330217621013167
"apcF(all2327)"	2.29088215941606	46.3331968036765	32.4008714664422	11.6484172454448	2.89337318629346	1.30688559075124	0.592820200165884	0.469165747106849	0.285145826150365	0.256623868829936	0.149371100442522	0.189110256682581	0.164526770924845	0.153439675705433	0.177863375047412	0.182370379223919	0.196715999541033	0.309220348154882
"psbD(alr4290)"	0.099466020617181	0.418659120936244	1.43690455059356	1.99989795676128	3.58818599284079	11.1412773061057	31.6118943211317	23.7133601210512	8.55332792937723	3.84918367397364	2.47589402736464	1.08113236707466	0.560152007590183	1.58418754637726	1.96422081370193	1.89552237610472	1.72732023329536	2.29941363510276
"cpcT2(all5339)"	16.3025863443176	51.185068605531	19.7263661396335	6.06703320096307	1.70049059203714	0.961405631486083	0.665432339459453	0.59375605101481	0.385882506056916	0.298830130121236	0.250514920200946	0.215409830933673	0.246615808877692	0.216751728942103	0.27550820415874	0.260112550064954	0.282276362661549	0.365959053539542
"rplL(alr5303)"	7.22934847201474	39.4491873556917	27.9575491098889	9.86524208323961	2.54035382079974	1.21624657277536	0.583873794361205	0.773843769201865	0.494978712937214	0.4016420738438	0.832027219700569	0.395954607391198	0.512365005004708	0.516201200199035	0.643446539459528	0.705286039966195	0.772973726038849	5.10947989748577
"rplJ(alr5302)"	1.67270285004307	23.0730542281682	24.7889735495074	14.4147999683963	5.23974941679733	3.0804371411046	1.42019796304067	1.06033969789921	0.62781712456714	0.571629362923199	0.503864849229292	0.623143796856646	0.747638569962565	0.800526057199175	1.23861369710772	1.9372567666259	2.83692225872947	15.3623327018422
"rplA(alr5301)"	2.1264650155826	8.15035195491085	8.66074736608948	7.97630942230629	6.68986625844752	3.85580449972101	1.72966003024599	1.25040936446683	0.766024445054888	0.91126991535023	0.691178707698506	0.772939278696824	0.675073436312369	0.814167064534339	1.05299307033497	3.2061537983403	2.60373442545627	48.0668519464507
"rplK(alr5300)"	7.98990173443486	23.1303054707275	14.4719589630876	7.38580296320208	3.7948484952528	3.62548818642307	3.29114929964132	3.61517270881076	2.72744712075036	2.13910963481851	2.46110409065677	2.08601739119409	2.05912815662246	2.24465715409101	2.97537411256136	2.6464758342361	3.24750930423232	10.108549379257
"rplS(alr5297)"	1.6585465667911	7.49607536579418	6.00590193412088	4.06482139920002	2.21763203441335	1.50697622444533	1.0072841167879	1.27132724975604	1.90010715753575	1.39215409019646	1.08208053671294	1.19676802892849	0.863098050782411	0.922742466365744	1.47860290995102	3.15335440897103	4.04614480240004	58.7363826568473
"all5288"	2.3927916829849	27.721897022415	30.2253134222468	15.0691773023208	5.84959404546412	4.04672728572811	2.11457071972545	1.5926100301943	1.16299147190489	0.594145169537039	0.637602774342837	0.618173525594115	0.706893964581462	0.78346696489739	1.0002404690489	1.18238969405296	1.41473034898329	2.88668410597761
"folE2(alr5287)"	2.36075389969272	13.9992103387361	31.2442642875686	23.023489099489	6.51020854888141	3.83739596552257	2.73967711152713	3.16545692551848	2.03075938447221	1.89656623045318	1.60459527426958	1.33003132403869	1.37879980255702	0.776530674837084	1.03920703067523	0.856976667387468	0.841191216512816	1.36488621786073
