"F1_2"	"F3"	"F4"	"F5"	"F6"	"F7"	"F8"	"F9"	"F10"	"F11"	"F12"	"F13"	"F14"	"F15"	"F16"	"F17"	"F18"	"F19"
"hemA(alr1042)"	1.5019614055447	11.6271393905411	37.5269135205206	23.894820443059	8.0711885366444	3.44300921224688	1.52608734300709	1.06804652815968	0.734340502392224	0.682401232775759	0.577144712240354	0.5742325122083	0.928784993269399	0.626530578372819	0.986066605649213	0.924257770002008	1.59904956119902	3.70802515216747
"hetY(alr2300)"	2.73253785452507	9.56162102400864	22.8992439130693	18.3187793261077	10.8458464236876	6.86486048664152	3.57314131916972	3.96338146087248	2.15686937823627	1.36578800311502	1.14787260604166	1.73501202128799	1.78268803452141	1.72884533026501	1.4883925158707	5.62301855572957	1.50840805662757	2.70369369022284
"alr2298"	6.87638902517107	10.6589248331004	10.8942495308029	14.756613083621	13.5525878542359	9.23675338421073	5.13006288842602	3.8985433456455	2.81375792080365	2.40755189609312	2.10205515467134	2.0359642068161	2.04186440395764	1.78379885097858	2.44672092793181	2.27601987707578	2.72639142365344	4.36175139280503
"rbcX(alr1525)"	5.54081409436416	35.8200646181617	33.7144133301197	9.74326439698649	3.33887982460148	2.35760250993607	1.80369065020594	0	1.79986280445517	2.05419915458127	0	0	1.85143763705532	0	1.10011602151412	0.875654958018559	0	0
"nifH(all1455)"	2.78956640012244	18.4430731385442	25.4264165039101	16.9120092283707	7.90214450975558	4.88733101029719	3.8755928367617	2.07910380978432	1.25980043465307	1.23083008676564	1.17866762650558	1.10374319382379	0.931977903251712	1.59153634671785	1.68124142650846	2.0144414500288	2.50430666960438	4.18821742459455
"nifK(all1440)"	1.5364353097333	11.6767892481559	20.3401368743952	19.0325673215228	16.5395438684753	14.1662336562958	6.31649669048417	2.44293211364064	1.08241616520667	0.78179203533118	0.652156500499912	0.568269485786846	0.569195620363097	0.463907090686647	0.599529466508813	0.680940899799296	0.756575740541018	1.79408191257334
"rbcL(alr1524)"	0.138459804947281	0.666873711560222	1.67971204417265	2.02034909727916	1.20175153055661	0.800780117244819	1.49054057438339	3.64977088546175	35.1719209804225	23.4122659005635	6.27959154022671	3.4659132885459	2.6579687434618	3.11133889553144	4.40916632589051	2.95025512986217	3.6068828470637	3.28645858282587
"glnA(alr2328)"	0.263200134029432	1.05714699599694	1.20716556663896	0.873802666948841	0.493882020034196	0.382384718337794	0.343740746794786	1.10564512262752	2.93545179383725	22.97156022141	49.6349293529894	12.9047142764543	2.6913287509146	1.15379204226856	0.732024501954714	0.36483850921228	0.35017535216961	0.534217227380877
"hanA(asr3935)"	14.7439847259117	47.0476693632147	25.0140701979743	8.65839486742156	1.9678806232982	1.07643657960175	0.490569015241923	0.263737563833464	0.139361415747938	0.0857686635703718	0.0660164577259851	0.0732975396664862	0.0401980392094886	0.0509024238914015	0.0429387561398771	0.0495500732408571	0.0569331462071483	0.132290548102833
"rbcS(alr1526)"	1.32579825208894	7.73910290933015	10.4958454117361	10.5900701274634	10.4236662852136	13.0463980235948	13.1241878272828	9.97121170369726	11.7869916903394	4.52542348680952	1.57707917045316	0.914675492352054	0.625717192508825	0.525516727547604	0.580193369978992	0.679721962872151	0.599461661005733	1.46893870572553
"atpB(all5039)"	0.799225605502853	12.0892000047741	13.4294229817843	6.0304207171203	3.87947712822751	4.42398831972665	8.63919226545012	20.6193821521596	8.09524605977548	4.70136519704697	3.67859786179785	2.88729663217267	2.27463771418462	2.20543007012093	2.3714639069232	1.43263519896083	1.26105809118068	1.18196009309133
"atpE(all5038)"	3.62574804896439	11.3371310731753	9.99042563151503	9.12145018941442	10.9431916743202	6.48280458557502	6.09542466577112	15.4198678741804	7.0544402656193	3.38707971046684	2.51430801629791	2.36516725722706	2.0896594372863	2.25035412333	2.47951456940383	1.57718896110104	1.60871659683102	1.65752731952086
"cpcB(alr0528)"	0.424531887560646	6.01410817456664	10.3454888556066	12.2025628598571	14.1959282416422	21.869103211855	23.0133315872118	7.11498158661514	2.18062227583204	0.75517949464931	0.42481365852051	0.321939870269453	0.179308020879783	0.19602556125606	0.212778131111786	0.160849804220404	0.192768701422897	0.195678076922608
"cpcA(alr0529)"	0.519233149884488	7.83632912364735	11.5454491441753	13.2034374591394	14.5410279551546	20.9205859826389	19.7349393436616	6.42038831552314	2.55462677275886	0.801531861933614	0.431829406330762	0.301127725580791	0.218166276900207	0.173879068758368	0.244197658733595	0.166144599751736	0.17790933632407	0.209196819103312
"cpcC(alr0530)"	0.250288103559864	1.69329955525374	4.80057262923376	7.50708716092874	13.4309199219347	23.9897037329763	20.4994483465401	9.83000964624848	3.99805155580024	1.44531452103286	0.975307135799887	0.939856535912977	1.01630727251636	1.35374868314246	2.17882859326815	1.55486944670833	2.1052634050153	2.43112375412788
"cpcD(asr0531)"	2.25829196261482	11.6338168493575	18.8694535472418	22.3358902075247	14.9116562231229	11.7899077718193	12.1611127663209	3.35478245773284	0.8741962906699	0.271980311858454	0.153982625336604	0.120649307572245	0.122036533352907	0.0889584840407534	0.0849409800095255	0.0968129945038973	0.279688398254001	0.591842288667093
"cpcE(alr0532)"	1.80691862380865	28.4628869571478	37.2871694553961	13.3833158446486	4.56947260834594	2.47935400860915	1.33493589468804	1.38220879939118	0.710478902325851	0.888952588659646	1.0001207526826	0.792235304959105	0.895012354846527	0.803850308717775	1.00535528216807	0.604692908524646	0.792690524803791	1.80034888027651
"petB(alr3421)"	3.23203218878425	9.56115740059967	11.4417224413734	17.7078510943548	14.9760546265031	16.4457161733728	11.0242497783922	3.98464329937177	2.33601090333122	1.3970560596933	1.27192980930835	0.868148834366135	1.06396518929502	0.61696846219064	0.682523257570699	0.880109663632572	1.09851579589223	1.41134502196796
"petF(all4148)"	27.8929544650888	48.9197967007153	16.0357594517491	5.20252889486124	1.02097509649351	0.372207992630548	0.125279092399772	0.0993014109473761	0.0643958208967275	0.0452391661811128	0.0222990234520664	0.0260938532941857	0.0227454948473086	0.0164094884226616	0.0177016517978246	0.0171787587051698	0.0290064236009258	0.0701272139162677
"isiB(alr2405)"	14.5382445279734	53.7371757606684	22.1181811376357	7.04250288497237	1.5727127133392	0.481022351266479	0.189590052083342	0.139985629300302	0.0448294866868559	0.0218139903199117	0.0150138315399821	0.0120805557906774	0.0150219885772723	0.00885474983650947	0.011722247767112	0.0161624529837044	0.0151885695035445	0.019897069755274
"cytA(alr4251)"	20.6469377647825	33.7364709517238	20.6731892242809	10.6414789333658	3.60571461204183	2.09410136078463	1.3673462540431	1.21232434348792	0.784731000835434	0.770793352939204	0.726455767675158	0.573656035332274	0.488208698185501	0.300747437673208	0.474501213444122	0.529692392060023	0.654544992977317	0.719105664367353
"psaC(asr3463)"	1.37808355330789	3.60390452898793	4.73280184038084	2.62358189210692	1.48013148815227	2.16889167412077	9.98532415276058	11.3997780610757	7.51832413095984	4.97470866606643	4.34500286314898	3.64613150237056	3.61750968093756	4.61043242979576	8.21014262322357	6.80619715601574	8.51726343421876	10.3817903223699
"avaIR(all3631)"	1.81275944412626	8.78896431005955	35.2586776930278	25.1162158524751	9.67711481374949	4.19529887542353	2.90726366132448	2.52756058226156	1.32791894598358	1.30938157446557	0.894692087342545	0.839345976079324	0.908168417761615	0.667083119860036	0.793872340723242	0.879043736546869	0.826001048943296	1.27063751984606
"rpsU1(asr0742)"	1.56971480186898	3.44319518046281	3.32281801245174	2.67136557464039	1.19842728275448	0.943003103727033	0.739951073732784	0.799886121739751	0.728880815122041	1.099518183375	1.10255410158365	1.33437781702837	2.70912612717383	10.0034398408126	28.2129594169238	12.0381775068865	16.108171502746	11.9744335369703
"ssb1(alr0088)"	1.35988911173003	14.496731783809	35.4536641343419	22.7284525454006	9.17703155449757	4.11544701840398	2.54424001142851	2.03958022037887	1.184138631532	0.953045801510536	0.732598040919895	0.665609888256731	0.663414477183326	0.575171930390675	0.858252211479923	0.936804150469747	0.581816695708253	0.934111792558513
"trxM1(alr0052)"	31.1834285407368	38.437032929247	18.0244917638484	7.25553748183904	1.75950295356406	0.833370192240959	0.4419294846375	0.309459319511515	0.180023503857947	0.142901799288004	0.128492726319006	0.127164311849845	0.0856428111452328	0.0904456852254282	0.100504029905434	0.157270990553401	0.203370363092378	0.539431113138047
"ntcA(alr4392)"	2.2649708871618	24.7168967313097	31.4444441369923	14.5538441847072	6.38955652582684	4.35517558604716	2.52673186734579	1.98374931020117	1.22705046338444	1.01901961627647	0.805312775643541	0.896194348297776	0.960945460885284	0.725384500765817	1.03785925136943	1.22340452938258	1.18897533914708	2.6804844852556
"atpI(all0010)"	1.29237747852276	8.7729654164461	32.2325565301064	21.9574655857013	9.94118600618783	5.35487436484034	2.22790752246367	1.46916971632952	1.27002366224127	1.12320117937618	1.2630345938386	1.26466541579924	1.41161768495376	1.60299727789314	2.31101695838203	2.35708706279776	2.09617215149887	2.0516813926212
"atpA(all0005)"	0.37290288421978	3.596827278563	11.2671660708565	8.31410419314552	4.30946823344318	3.01449228925622	6.9988639262542	23.2851301961082	8.65287305919445	4.6249974377187	3.81222246602056	3.16707063312714	2.86240593707515	3.29708539342372	4.58663851392288	2.63618230749045	2.76850061720688	2.43306856297344
"atpD(all0006)"	2.32178708289138	24.3199917734075	25.7816972695493	10.9693254209257	3.24931829802547	1.79484380095042	1.58656129287452	3.0282109023058	3.3816443661271	2.76463081699583	2.63955025242635	2.86567768077716	2.64437912821476	2.48661064815762	3.09082913506138	2.37336576316884	2.38390368795166	2.31767268018933
"atpF(all0007)"	1.22683342444284	16.1731839893787	34.0156765139109	18.3313309482522	6.49483086154505	3.47871596958739	1.66431240239534	1.02158326863946	1.25938296667428	1.33030859600647	1.28643873966805	1.44760796305146	1.59253932281182	1.6814540524936	2.31904737467672	1.94907788069082	2.48800419040467	2.23967153537023
"atpC(all0004)"	0.827717785372748	3.25061222160596	7.37642142139253	9.28434659831176	10.4003737320522	6.44325762074876	6.47328579132735	19.7718962208014	7.87907656275413	4.3286192293676	3.87957717487462	3.46260263338586	2.90523902007151	2.92984582719153	3.56357037229953	2.47796037407976	2.52167101914376	2.22392639521906
"atpG(all0008)"	1.57545657340895	12.9986353455303	31.1797324841337	16.128579917195	6.71309127233036	2.798285435077	1.34609423219208	1.11381858847158	1.56165178248088	1.69701149673834	1.84132827397274	2.25748686085133	2.46655805158639	2.67440828427391	3.93715003507048	2.89189408558392	3.41712592876556	3.40169135233739
"nifS(all1457)"	1.8910779181987	16.1589537150102	30.7211869189693	17.4281153081398	7.33341850510147	5.36622116510663	2.62823648175817	2.19668256664756	1.67116971701527	2.09427952355596	1.92932383217273	1.16479031288728	1.64539214664286	1.14760691982205	1.83664805605161	2.24120133903253	1.04136681595665	1.50432875793116
"psbO(all3854)"	1.37571413427534	26.334165037797	42.3722902698498	17.4646862736813	5.50320914585254	2.50974076256602	1.12214810637775	0.572418271463936	0.301341312803507	0.214049888257605	0.15566409259118	0.165381797650175	0.167812118221383	0.208812328020543	0.291923749222993	0.454909872872049	0.348980276534199	0.436752561962687
"hesB(all1431)"	0	0	0	0	0	0	0	0	0	0	0	0	0	0	0	0	0	0
"psbB(all0138)"	0.509301691121779	1.69085850869535	3.83787206019316	7.83688300352858	6.29930875380172	17.0210514420093	27.5559935070975	14.4601300120754	5.84216230486405	3.03577534426941	1.87029055966027	1.36156296245428	1.06275628418879	1.2386240046087	1.72982254589119	1.30828083828256	1.62213163479901	1.71719454245892
"trxX(all2341)"	15.4574734863449	41.7584796451245	21.3733814185254	8.75541949675206	3.47415176579637	1.84347681476671	1.01306344125276	0.796777408622886	0.483567455451941	0.383591957986266	0.335772096958316	0.389911558140912	0.412965978403649	0.323800455804184	0.471724802342713	0.582290169606408	0.644470909351974	1.49968113876805
"hepA(alr2835)"	1.45579271030295	5.50286923916705	20.926376798639	32.1386160573247	16.5149133446269	9.5872959209299	4.05970085145613	2.43278278957103	1.05318998947695	0.859221247160771	0.547235213739205	0.506797608623258	0.7891760004813	0.438500532940832	0.679289792468312	0.769933189453939	0.694041200885722	1.04426751275204
"rpoC1(alr1595)"	1.19316002571574	2.98416724286311	3.14289522154602	3.96844786510991	3.01803198526309	2.33738985767483	2.8076714782514	9.44369413953752	13.5261851384922	9.30786182372391	7.02671227770442	5.39124739585349	5.19854818470134	5.59417419515615	7.33888286541968	4.82128296001323	5.98502326480981	6.91462407816419
"rpoC2(alr1596)"	1.19337250169637	3.74045179538497	5.77007314827438	7.77314902080188	4.14186041328603	2.67002296484555	2.8471233619336	10.1565754708223	13.4424487398062	9.19957448025998	6.43113163114504	4.88026769902448	4.03696753965217	4.43368413176371	5.77450497606208	3.97070210957189	4.65066806182037	4.88742195384903
"sigA(all5263)"	1.1630845509965	4.47641341467508	7.20534032953519	7.33543400343917	4.28519819519405	3.26738145175112	2.47294873171884	4.90069450463816	9.57726825649293	7.14060434147197	5.68404699640348	4.74506664284341	4.2807059870003	5.89398224958006	8.25056643814413	5.45897353778991	6.6511303891005	7.21115997922521
"hetR(alr2339)"	3.48148900568962	11.5058972535795	23.6209849386998	19.6428264282101	11.9499146948399	5.55342546341944	2.61820453450246	3.31419196020265	2.1735530585021	1.39934895104319	1.7674851222615	1.7327125190528	1.31546512111135	1.71013034910332	1.21566391942862	2.08092906486823	2.11897048132467	2.79880713416074
"ppc(all4861)"	1.15668906090804	3.63476991278975	5.39727960885021	7.1142462516229	10.5075418784904	8.29810443482493	5.09533837369303	13.5791958177002	14.4643194468162	6.1697442187258	3.5518165493397	2.67114942690668	2.23009744917936	2.34665443925756	3.26465542808106	2.72415856480396	3.1862427814349	4.60799635657532
"alr1448"	1.6862754508324	4.96754167961417	7.23471620543379	23.227904297941	31.0848896596501	10.8303931361442	4.27981952136893	2.59922962273607	1.75030823697188	1.49304092986874	1.41585043004225	1.24013625691463	1.33679572339198	1.01922376828308	1.46104824662046	1.41042397639395	1.43250712487322	1.5298957329192
"alr1449"	4.15371248301327	24.5904607872972	27.6252522269542	15.3227854119767	6.51287468321103	3.68345856502745	2.25262041395229	1.80639858426947	1.25729662635056	1.06490405024744	0.822015859805353	1.04357498853371	1.06311952682362	0.811587969248011	1.05798439960823	1.45394540155495	1.26388883378963	4.21411918833678
"cyp110(alr1450)"	1.68860160782256	7.31361702190034	33.4415359359208	24.5432071271452	8.27637403774871	3.94225783831483	2.13445339008396	1.88538067890142	1.06689398173533	1.05726530681243	2.88642084940813	0.991987603396006	2.55398895490179	0.85217078524927	1.5557042598551	1.18920139381505	2.93853644539331	1.68240278159579
"cpcF(alr0533)"	2.52851808975737	18.3087136012795	21.4993964145256	15.2163019868478	7.40014478143878	6.53819812604263	5.67177613159397	5.31468552705861	3.12066633843457	2.21644381699186	1.50287043805846	1.14635494989614	1.04075996577572	1.53260384557874	1.63420301054901	1.49193607584598	1.97657238914897	1.8598545111763
"cpcG1(alr0534)"	0.69414920326216	2.12115125328491	2.87580231033942	2.28205012081516	2.93073450714411	15.101683293698	45.3426483063294	14.8996985086252	4.70656393720033	1.3375650683024	0.895748872307467	0.698861372559932	0.711422377323471	1.14274205969059	1.66840675180843	0.816079643003817	0.821534491866729	0.953157922438507
"cpcG2(alr0535)"	0.679671244833942	5.96113346954397	20.231048504326	29.6678846698754	14.7875209623532	10.4990531427678	6.00228182899448	2.49105215150985	1.44691622600149	0.967856659218009	0.790655658677761	0.793527373904228	0.722444128294042	0.765758484009865	1.02324012628452	0.87788771847502	1.04372114097099	1.24834650995947
"cpcL(alr0536)"	0.508825317591073	1.97897748167299	5.1215053627796	11.7857456299386	18.1907434014586	19.2709939106032	11.3913153364296	5.50002621396495	3.2783679152823	2.23725655620267	1.82047226538622	1.89927518040166	1.8435000203655	2.02420363134456	3.04445169489648	2.74799298095731	3.24828474427716	4.1080623564475
"cpcG4(alr0537)"	0.420731874627469	2.26728176733122	3.60600181533783	4.43452580135697	8.65370905999268	26.955043139256	32.2643744478193	6.27734234504767	2.38387748938273	1.35307521046168	1.0352021356419	0.86846518972997	0.993014776786825	1.0167219829053	1.60755587440556	1.46766416586426	1.9096289854186	2.48578393863393
"agp(all4645)"	0.521104737659114	5.3053597892621	25.0718362841747	43.991031786325	14.8601783124444	5.9259669154938	1.71629488259056	0.809207999832305	0.338165080850031	0.213256868063187	0.14001839335767	0.142519587885328	0.113614840082043	0.164474195569043	0.156020845831516	0.158136016145151	0.163467268289756	0.209346196144262
"pecC(alr0525)"	1.42107544965539	12.9835346318887	18.496320891136	12.3608639900817	6.07455215349061	3.84808645400762	7.01769260688473	17.7415137093836	7.08491522696048	2.35760446578425	1.29174117709739	0.920038069519837	0.837951264460386	1.07334352631859	1.72762593328807	1.2756298705533	1.50578416232286	1.98172641716644
"psbA3(alr4592)"	0.779515241307108	1.8322003552844	2.23892978777442	1.55584355736046	4.48991734206561	18.5825578871264	31.5625321426156	15.8109760134122	6.60866369128136	3.43645718917085	2.0905726623997	1.55241995047693	1.39099054217482	1.34116289695699	1.89267931837788	1.46824330725622	1.56705106215785	1.79928705280124
"pecA(alr0524)"	2.21364839848262	38.8644457549922	38.4911905300166	14.1634045606964	3.37561018355718	1.04901124647188	0.527426872860756	0.368738064907589	0.184793223930606	0.114838393673153	0.0745098020060814	0.0837555374194739	0.0784430056633525	0.0681420051575402	0.0525577948126974	0.0941056983500725	0.0782683968921769	0.117110530109662
"pecB(alr0523)"	1.73683337267351	33.1420864327324	42.2207198560418	15.9438050912973	3.62242016501489	1.28724924571529	0.578305653518535	0.452384709335521	0.247838839271989	0.145859374138315	0.0870558351269466	0.0793335106324335	0.0600263074745776	0.0650598523111556	0.0804557369172083	0.0712597778378291	0.0724608331716769	0.106845406788661
"hglB(alr5357)"	1.01879855626533	5.91898608678743	31.2270074060124	29.881995620606	11.8625704483769	5.58144676481923	2.56207154096471	1.66774119666373	1.07526308304399	0.853434513708765	0.675215932149279	0.762679444820285	0.583386724647181	0.696968428597619	0.890813899569681	0.921427674694754	1.38193744637767	2.43825523189513
"nucA(all7362)"	2.88909604140475	36.2364008493554	32.2492795210146	14.609508768428	5.28663596249728	2.16487055679427	1.10028119976732	1.32452690736581	0.516584272999724	0.40132085041963	0.407707876555516	0.431878980442579	0.209118874836427	0.371934301136641	0.574834901128008	0.329997318425584	0.347038359508008	0.548984457920535
"gshB(all3859)"	1.01423748446423	3.48549051055133	7.40151385678188	33.8937797914276	33.1305276926749	11.8256854927034	3.46393601331748	1.69850845532218	0.675298994662863	0.538137654792497	0.455517235230135	0.361910687328459	0.287899553647543	0.257580754603848	0.35204608222201	0.379638007186994	0.322746788583324	0.455544944499249
"ftsZ(alr3858)"	2.85855096093772	29.1486318645289	31.8587182678642	16.4274460237151	5.98486108749557	2.85961872885399	1.54242706115314	1.51584049511698	0.849910880077576	0.675225931053742	0.554633341166814	0.604954086522353	0.482881468806265	0.466151692461168	0.678764777365929	0.717122056062884	0.89677020359452	1.8774910732232
"all1601"	0	0	0	0	0	0	0	0	0	0	0	0	0	0	0	0	0	0
"pgl(alr1602)"	8.63798539222267	49.2385957953301	24.7949257996059	8.46019173953141	2.47610008639674	1.39707640706939	0.747758387855626	0.794610686412196	0.407283265197151	0.367973172277365	0.32873777959341	0.317827944178597	0.294960677510079	0.221562088386567	0.197115944193558	0.408135070836167	0.38055604434569	0.528603719057387
"fraH(alr1603)"	17.3570858631495	59.1333883175197	14.008889386726	5.51267550573381	1.55301811383124	0.590729223413998	0.399727109981557	0.344688741244929	0.154156138760385	0.17553346011536	0.0970378848242284	0.0936276595535732	0.109193617647345	0.0680598520968829	0.0699990270177187	0.150620009444067	0.0804011997384421	0.101168889201283
"fraD(alr2393)"	1.22661847928832	4.47587730639714	12.6561695630565	19.1874663604395	14.7457040225395	8.2522146894803	3.18432539587264	2.31244130931495	1.04334268069741	0.794474426162184	0.655208607430514	2.50923234923904	3.4585355923793	3.12781602874263	4.86244330443323	4.48393171187548	5.70167025798455	7.32252791466675
"all2391"	5.8942218738806	18.7540963798142	19.9710710165868	20.9605740795487	11.6438659220914	6.83440740000323	3.02247071435651	1.882822088307	0.960943578582853	0.922822279714599	0.761376567117033	0.792987871972908	0.755125460048822	0.705647082470901	1.01714076401394	1.07911869947954	1.40190503591404	2.63940318609694
"psbA1(alr4866)"	0.637140992572689	1.97118497063308	2.82223847046465	2.55586192346598	4.3348669028322	18.1452972027552	29.8685280760274	15.2436934258414	6.68261499261074	3.37197885521829	2.40070110344139	1.81327437097243	1.3355964051797	1.60320248425768	1.97511628622131	1.57348424084123	1.7969912985747	1.86822799808988
"petE(all0258)"	29.2525776951631	41.708858864844	18.6784291056018	6.00803272284332	1.74715550242781	0.792654849912879	0.516587636890391	0.434126525392964	0.167694437165334	0.129578252897535	0.0754959217144444	0.0687450545561853	0.0748363583098467	0.0482185261703273	0.0684890931330642	0.0594361469267014	0.0764485264686993	0.092634779581637
"leuA2(alr4840)"	1.03620525244395	5.36307032471589	14.1184444653076	33.6347235888131	22.9048614235724	9.05243251176464	3.59148943268091	2.53018923610492	1.14984694193168	0.839568285327612	0.671862057975259	0.512156233521651	0.619019186771621	0.595157638296578	0.643731150219205	0.728316427407008	0.760675624620026	1.24825021852601
"gor(all4968)"	0.968764437849354	3.41859935862484	23.2700709343666	41.8847266839728	17.3412642440711	6.02053433578542	1.98074408440863	1.11873749378064	0.616340417056498	0.591027616224945	0.337684220718382	0.340160402175115	0.380854763404114	0.257925062834731	0.312737654425684	0.325219177080812	0.334466639839665	0.500142473380646
"fbp(all4021)"	0.693968073034267	3.55212162529596	4.1679264848756	15.6003864737185	41.2511506696676	22.438809673246	6.50573732980972	2.40824704848992	0.733500485039465	0.677776658026397	0.302032827879558	0.28652803190279	0.208798138328012	0.166835334890139	0.193891068376354	0.218525330863744	0.219186141090666	0.37457860546528
"zwf(all4019)"	0.822802957233842	3.19949506382036	5.20770995031666	7.21639544935055	24.4460526978365	37.6739406881629	11.3421242776518	3.84534245853359	1.61720354159477	0.842407831375953	0.607630533945504	0.503861324794909	0.444831616053792	0.3592650744006	0.361994898009385	0.417594201206844	0.498217587053897	0.593129848658216
"tal2(all4020)"	3.28386281378216	23.4778756917558	27.6060405828205	14.326239413732	5.63985318298392	3.46818244057513	3.48349491278709	4.15556180563429	2.436391443008	1.51699501614006	1.20266081631134	0.963377745030851	1.00768765581777	1.17516172092605	1.24867709381788	1.51157178663768	1.4122080269142	2.08415785132526
"icd(alr1827)"	0.490427161428592	5.16217592250318	37.7109702137741	38.908664616536	11.196961442709	3.52195572578191	1.07182285481237	0.515368729976435	0.267908816875787	0.18383010184141	0.11881029828412	0.115356508946104	0.105184304567102	0.0914135672572843	0.110512855192253	0.109158773040026	0.128924698404682	0.190553408069651
"pknA(alr4366)"	5.02055732005167	19.7879279081748	31.0255592619198	16.5723438519533	7.46573919491991	4.73510295924615	2.31529491196765	2.26329860010933	1.40441801016748	1.23622597664751	1.11030274783653	0.792513369536095	1.64428386091851	0.786098277257999	0.88456646763811	1.06355732813194	0.872658567284057	1.01955138623922
"argD(alr1080)"	0.992443146538242	5.73882061864356	35.6689495147083	32.6151467796797	11.4760917911869	5.03561482818398	2.19553065193404	1.38846345805966	0.748090567634744	0.733054940667351	0.794722185296184	0.462724481059531	0.373342741289347	0.25290559716818	0.275414978583257	0.402811620834618	0.329105179656439	0.516766918875868
"argC(all2498)"	1.18428795703776	18.1893687760073	45.8502935926076	22.4433585204743	6.48983244569941	2.12459845374621	0.81625939434514	0.716423198288234	0.322606277740075	0.252229249835137	0.2021147646666	0.230185275422578	0.21003110861075	0.210564163049085	0.142138148292633	0.206548819276504	0.199436149244342	0.209723705656307
"gatC(asl3192)"	2.39628815536861	26.876806848552	38.7246745115819	13.8651543431788	4.49736662374305	2.89342649090334	1.9127258332609	1.42323110738629	1.30199008225597	0.771805747910327	0.676636572793275	0.574166552531997	0.664207142957669	0.543701370504555	0.826831007005151	0.562334234783457	0.748261551870903	0.740391823411745
"recA(all3272)"	1.90613143952716	12.0849965450811	17.6951309001894	18.4618133258971	14.3087284580778	9.7226349436188	4.14953173650596	3.03590639169045	1.63640929365268	1.33859451675533	1.02129412879788	1.00815991574666	0.904362600121052	1.22127523618908	1.78233235832399	1.87777754406728	2.47095342704179	5.37396723871649
"acpP(asr3342)"	11.4402354404943	49.06751455628	25.4076528111942	8.80278981456249	2.72087236532482	1.03961650404096	0.456613427159515	0.271293392429057	0.152116952027054	0.0933267804596264	0.0682273235283816	0.0629500040246861	0.0814635989011118	0.0856695167950783	0.0694193766066802	0.0478404521358126	0.056519728144633	0.0758779558916388
"gap2(all5062)"	0.922043730636632	14.1325971496318	32.1051733199237	30.0387690140228	12.096138766466	4.44282093715845	1.48513957219086	0.836314243928687	0.512497309546825	0.38000229105144	0.330263302885025	0.281046389724691	0.266786128794227	0.298372383514586	0.401190684079879	0.370699841732283	0.472352529463327	0.627792405248791
"rca(alr1533)"	1.96240371731577	11.7616747595471	23.8039208526211	23.4660368043606	12.5553711448993	6.92882750714085	3.22624001144353	1.87871177216774	1.08676779544034	0.955354213388029	0.724653934505589	0.792283821285504	0.780866674110465	0.765566608780841	1.31953499813974	1.53898617990486	1.95078190079154	4.50201730415712
"petH(all4121)"	2.20292937108651	14.4712688605996	10.75646954046	6.43782101815088	4.57524202560767	5.62083509834262	16.430042818957	24.8577835988063	7.63910207763125	2.0268594679024	0.801601887259805	0.542652658380775	0.395652760193991	0.436625491214966	0.505590008968103	0.489909483042356	0.494952564425446	1.31466126897033
"tal(all2563)"	6.39903877139543	36.1694366807522	27.8357297135988	19.5131129968602	5.00473993477123	1.7122410840266	0.631128465774519	0.444049577686464	0.206649226543831	0.206436151115365	0.122578659724755	0.154124638611184	0.124942360957102	0.120369245629438	0.121048397003924	0.155347657192966	0.113798488794084	0.965227949561815
"psaF(all0109)"	1.35995224374823	6.22946892441381	7.37146369259949	3.94416028954586	1.88815281788925	1.69953731004978	5.79147068479183	6.89611108713534	7.24461007517887	5.47799039414392	5.15774615583991	5.35379359799065	5.7166571264359	5.07803056117273	8.36562464955708	7.3542809524247	7.8410045149036	7.22994492217901
"psaB(alr5155)"	0.13810326228715	0.555524597970895	0.657532628820064	0.714385979087048	0.607183973941253	1.62410243847176	7.0497199074975	11.4508379343654	8.26987227746587	6.74335503322352	5.59725506059408	5.18268731436741	4.66511993923411	6.23406724122039	10.1989495777208	8.75645656255186	10.8493089702049	10.705537300976
"bchI(all0152)"	6.3119915329785	42.232069630272	28.2536290105205	10.5461088230343	3.45668326186438	1.75435173160404	0.901891402689593	0.778815893792244	0.480554746195587	0.526922804742593	0.368786405702576	0.392906142923182	0.39439523421614	0.345742195703089	0.454599277497925	0.570628988087547	0.697308242831682	1.53261467534414
"cphA1(all3879)"	1.12420174590555	3.73080042136781	8.0199505085446	13.4105788168508	26.7113124402392	22.0877934466262	8.55577149984938	4.09927495377892	1.95736696490645	1.21435628666886	0.843033468196254	0.872406814600422	0.781591940144252	0.781123514228301	1.02464353470049	1.09718954113877	1.15277249254901	2.5358316097048
"psaD(all0329)"	2.30815808360452	5.77317219502389	3.2562127466986	1.68232255209424	0.988455028290861	1.07739899425682	6.94999916918947	6.90396255425262	7.52267034320829	5.96028228024835	5.09833783428745	4.92835220440313	5.06698806466129	5.37771062802358	8.82246979266933	7.46037815454646	9.58313542774933	11.2399939467918
"psaE(asl4319)"	3.448098404455	11.1485230694459	8.71433936208438	5.22832992285162	3.24159314491887	3.87665853997348	7.95966326550366	6.15247513265459	6.08737914609007	4.19145533827213	3.75100468489477	3.87579227396257	3.20832811521943	3.2921999629968	5.36584081526664	4.77824723855652	7.46512076906985	8.21495081378369
"psaA(alr5154)"	0.249770183189945	0.939934737628046	1.04519035344499	1.37200548000381	1.17628884381142	1.81638341040422	6.54646871492187	10.026750231305	8.21899516396734	6.173182891708	5.22950859596003	4.85249830275318	4.75945945522308	6.22767653224997	10.6566339608339	8.39431515169302	10.7147232367223	11.60021475418
"psaL1(all0107)"	0.832784652759288	10.3216984583977	22.3594123531145	9.1156273285779	4.23041095605145	3.43176751951458	9.38874647067845	9.02724613210445	6.49733078320267	4.04971063616941	2.65164792587329	2.10723403980259	1.76201863917673	1.74359291768708	2.92589709671977	2.71584211319064	3.23888563209963	3.60014634487981
"glk(alr2973)"	1.18985262714548	20.8886167156507	40.5615105356681	16.6020349020192	5.09256875803801	2.62976972451001	2.02046137767051	2.69201267226751	1.35342904456095	0.774974990353107	0.546604155933421	0.500187646195112	0.392256368726582	0.352249727565306	0.578399593854549	0.58852049973197	0.57788700285066	2.65866365725872
"maf(all3075)"	3.82245367115406	39.0894468324666	32.6011510283452	12.617574601301	4.05693568809258	2.04598650855938	1.09468583428015	0.813001004457021	0.512404460744778	0.459445353534201	0.483042730254332	0.392777660998561	0.373924539979496	0.214666298494591	0.300458506252837	0.336591123355619	0.344862134316356	0.440592023413163
"nifV2(alr2968)"	2.45835540862815	10.6340165817598	29.364976201314	19.3882273067929	11.2267179095647	7.27807183268391	4.66943976841611	4.67242843478319	1.83106829562042	0.718060842024951	0.55989623728321	0.708210264393856	0.761296336993704	0.923868403921276	1.11958077612645	1.33463068766024	1.18115459743743	1.17000011459567
"pyrF(alr2983)"	2.98205606224936	35.6822827440923	34.1167264773094	13.162325708389	5.02078187883477	2.45588093773416	1.41877894661218	1.55202785609261	0.679176422323809	0.428400934520707	0.344295983240947	0.223792027693209	0.38483481982836	0.282712282449506	0.261454640669457	0.282850976130367	0.254624685104861	0.466996616724988
"ispG(all2501)"	4.58734841699268	38.6452039051821	27.6703558568603	14.2587928824784	5.55632220686531	2.83385727951656	1.2327550707531	1.02067038167064	0.696702376273356	0.526203627974888	0.426167174256275	0.31322630974009	0.373239750188528	0.261100335428767	0.385023023430155	0.371020957669155	0.376818392049154	0.465192052670572
"all0985"	3.11545949496599	30.8418743979543	28.3888914984718	14.1257022525877	6.08172255182462	2.86433708751982	1.67965236434286	1.73207444692281	1.38319641762819	0.962512561604657	0.895317501492279	0.812580269025171	0.749853131695045	0.660453580752326	0.960227299199108	0.815311289881404	1.37513823673219	2.55569561739982
"asnS(alr3658)"	1.32145061807678	5.97088085412889	26.6457599822407	33.988109427023	14.0323419840993	5.89034516823103	2.45469169334767	1.57938962048082	0.954290963162313	0.898714576844497	0.665975961062317	0.5997443974369	0.617226525106771	0.550943913962201	0.625113227989097	1.02972371461094	0.684800137623368	1.49049723457339
"cynS(all1291)"	0.452501111172146	2.8554343212521	4.93658450814683	15.5412555928112	41.5866506136028	21.5211527687577	6.56381717883288	2.18852484208851	0.835300698287101	0.527569595324319	0.399581225438104	0.31110582602209	0.316820355960659	0.25339730487205	0.339900252747331	0.423977831006119	0.403873475210488	0.542552498467561
"pdxA(alr4755)"	1.57489246886844	10.4673843760958	34.3564668065753	24.1863869574423	8.82200404893935	3.78921407641703	2.09674562991931	1.78493843160956	1.20756311237948	0.906987938985777	0.669184298637698	0.759010223704551	0.925759835535099	0.929105931480364	1.12706311742335	2.3577599089221	1.34989794896223	2.68963488810221
"gap(all2566)"	1.71427913318549	22.5911629002259	34.4868551467061	21.359549828097	8.13231663627258	3.76551118798774	1.51264682822095	0.906449692823687	0.537218028172547	0.505926962500915	0.431651313964999	0.362817531963536	0.324175419798061	0.349897987898144	0.484619253252274	0.555395469351618	0.740122154654535	1.23940452492401
"apcA(alr0021)"	1.40663484847531	31.4368247371604	37.0220395917085	17.8858008077482	6.15300313286833	3.29288889857763	1.39863481501059	0.457851378771715	0.246757298035714	0.147442074037167	0.0905791546352078	0.0748815951511011	0.0654887539246868	0.0373246922559273	0.0652114920244617	0.0407088873774963	0.0656806591122319	0.112247183125303
"apcD(all3653)"	1.79188028971404	29.4092956695424	34.7655996683386	20.8869438321647	6.35292553983978	2.2400238657511	0.951282379719239	0.667206947465585	0.437379343267649	0.368694735384805	0.31663457515418	0.298016102968324	0.235207757894821	0.191581565159097	0.222392494885418	0.277947451029559	0.271407262620397	0.315580519100325
"apcB(alr0022)"	1.34056646395522	34.5367109499207	36.850210778252	16.9001937633356	5.47161178939715	2.86544380644	1.11917305044419	0.370442319333596	0.16788917572468	0.0787446390288931	0.0468270308935028	0.0434999494632164	0.0280364836615362	0.0299228198510602	0.0281355652704288	0.029667670896633	0.0303932282066947	0.0625305159248558
"apcC(asr0023)"	5.17859805266083	22.5519814133975	33.2447400820011	25.2450359667256	8.73329764927742	2.25698629840039	0.749691832058376	0.402823975565122	0.238103790383742	0.155965315455328	0.0663892613161968	0.121389159141255	0.0864973651465538	0.0775765742682636	0.0818304438692585	0.105546298811772	0.108579432186455	0.594967089334888
"apcE(alr0020)"	0.695300616218333	4.20911026353521	8.41968763114161	9.96476625779493	17.8385218164977	24.2635752107637	14.2278081403716	5.94493977156971	2.68988470119521	1.60883129176548	1.14570475171767	0.944078615743515	0.814109556425365	0.937415564105885	1.34544305742638	1.13288634935516	1.53427433846513	2.28366206590736
"ppa(all3570)"	1.32342116212134	5.56570713616734	16.8415051783778	40.9762475106073	19.9723126854309	7.57331128009255	2.45546351475823	1.10053278891681	0.515501562239542	0.405827859920263	0.426878855126231	0.397332640653624	0.327226526542912	0.338132172523133	0.460155545537432	0.374618531875657	0.387789974095677	0.558035075013286
"fabI(all4391)"	0.736266420352453	6.3133355085713	23.9799165917594	38.698493636793	16.125156887508	5.93576330907335	2.12233255484906	1.06821811121597	0.594863123287218	0.439142062826772	0.422176937004165	0.323477698530048	0.324117897606848	0.286941448112232	0.392068797089323	0.518141613956169	0.418031357831377	1.3015560436333
"alr4393"	3.39882138199877	15.9570038781483	23.8240644121324	22.7626474690218	8.86478015672486	4.60617319575519	2.4803893045815	2.14137612584144	1.5176088431479	1.49301106902812	1.37642143693128	1.46679927032094	1.15013155899282	0.986242746868233	1.31188314656522	1.36723582539809	1.85500102849364	3.44040915004947
"accC(alr0939)"	1.00986377822101	12.5398832564405	32.6202882074236	24.0596656143745	9.07449004663078	4.45262442216429	2.46811047206959	1.71735717431204	0.949722501233673	0.925121646905348	0.589731859027644	1.35557615211539	2.37224857685012	0.798264838079874	0.85098282165594	0.797088338335905	1.32043529552138	2.09854499863832
"accB(all5057)"	3.41076402914322	38.8461111523133	30.845166776794	11.367981873244	3.72384720356311	1.96463247221172	1.65615586871678	2.07253521386706	0.942935415901411	0.841012387305982	0.688661555472211	0.617654324807399	0.578074725357221	0.430749310549459	0.499596448155986	0.415888877117105	0.441191985660321	0.657040379819657
"ndhK(all3841)"	1.24333896777122	5.18233513805436	6.66482618978185	9.77118096311106	18.1151992178438	22.3983738614986	13.2301345934373	7.39208794689036	3.9960197830985	2.34856688875024	1.54596675661689	1.29893166301685	0.994777920613021	0.944049208114194	1.24099742091421	1.08332336112175	1.19808303843084	1.35180708093504
"efp(all5058)"	23.649324348169	47.6636374837795	15.7979104951131	5.64011517549572	1.57111618830691	0.850886060272988	0.542390039251832	0.700592498156457	0.440790460777592	0.416888797130152	0.30595306452269	0.313698034248428	0.275295559121595	0.239898687654272	0.22898174333641	0.267424764281565	0.373374771622257	0.721721828759536
"nrtA(alr0608)"	1.0164723807129	10.6134850367891	45.0376730894907	24.2447461998624	7.9515834235244	4.09519892141688	1.72529592121362	1.07628109998099	0.554837334655756	0.394560542219764	0.328409882200638	0.343766857558363	0.342435781237968	0.312983215791094	0.428102461370711	0.402361135699629	0.460195807907754	0.671610908367306
"rbpB(all2928)"	13.5815141900351	42.0925021269907	22.5699443249585	9.67282201512253	2.72270100074119	1.33355005039875	0.896543962982626	1.03137117087546	0.45309549508011	0.59045226487102	0.498283653240564	0.926654573668737	0.621616931724683	0.739464361723028	0.463407662368684	0.58571869284252	0.436509982028551	0.783847540347304
"rbpD(asl4022)"	14.4677033004334	50.743011052831	20.3975032671269	7.33540991115386	1.73066209800949	0.758634251535626	0.433353513141042	0.497071667020697	0.358729115243288	0.611272403443942	0.242692729142603	0.240388189077954	0.240500930734527	0.241318207669892	0.217084608815828	0.305584178932818	0.4256095675	0.75347100818714
"rbpA(alr0741)"	14.9876744600549	53.9286437924706	19.4880929795442	6.11115734797834	1.23426762348906	0.500404733382126	0.500378604163628	0.446945248126468	0.45290045612659	0.227281505537767	0.171382307189092	0.359773760552357	0.267632148588209	0.259622427057389	0.182195743887113	0.133899824105237	0.339494303561967	0.408252734185044
"prcA(alr1381)"	0.946601789503409	17.6097215908209	39.7046302986722	25.16329893178	8.81326508441168	3.02428626282842	1.06332790190013	0.635348098462778	0.373728931127696	0.318139062024223	0.27315442503797	0.259448210505989	0.294941374507957	0.259773801265104	0.254574906037854	0.228465856937618	0.282223064407861	0.495070409768133
"apcF(all2327)"	1.81032441469922	36.8706068479077	36.5181915391811	16.5471071200977	4.54844052384529	1.21122688235103	0.605190084161591	0.383801303772019	0.244363990136547	0.168259270003161	0.142556262834582	0.124409027329139	0.124982381940751	0.0975257042242597	0.127656435959714	0.134441697513755	0.146413732277538	0.194502781764889
"psbD(alr4290)"	0.19901006181567	0.706607205089552	1.83138046293031	2.55502555784905	3.90532914034954	18.1671694682469	33.1092650188508	16.9138723554548	6.81347068117024	3.42628175962239	2.12841192849766	1.19874153379769	0.635167563227729	1.3902351360228	1.90962069881152	1.54381669762326	1.68148666721128	1.88510806342875
"cpcT2(all5339)"	14.6423503149656	45.5778484569463	22.328049967871	8.3532236306849	2.39193863461685	1.25400907095089	0.894715006109678	0.772235370294981	0.502790557694392	0.425586851549956	0.351641914452118	0.33932543002308	0.335608400460435	0.246615046234686	0.280538668480338	0.30007015743142	0.346772273945608	0.656680247287715
"rplL(alr5303)"	5.68120736964528	28.6487705908659	29.7450224854889	9.60503854231624	2.69455522539457	1.07993827791631	0.440921636795941	0.541432879154364	0.293616316252014	0.309415949969141	0.537795541416797	0.5634830528157	0.736857933323247	0.761109867141748	1.3132135223713	1.29234894994305	6.4792548206403	9.27601703854923
