"F1_2"	"F3"	"F4"	"F5"	"F6"	"F7"	"F8"	"F9"	"F10"	"F11"	"F12"	"F13"	"F14"	"F15"	"F16"	"F17"	"F18"	"F19"
"hemA(alr1042)"	1.36890436138216	12.3108371838248	31.7157928747344	20.8886106252524	8.49444091076992	5.06270856948519	2.84738627471531	2.0554738662936	1.2278098216602	1.2512132792609	1.20902753853641	0.848213711581024	0.879947190907998	0.881672042178588	1.28864877312585	1.69764253859415	2.07112451572173	3.90054592197538
"hetY(alr2300)"	0	0	0	0	0	0	0	0	0	0	0	0	0	0	0	0	0	0
"alr2298"	9.43430962604878	17.0996066303076	15.4287752731892	14.4888785320146	10.1715933019539	6.80295679180512	3.99579818176078	3.17727705774652	2.12731828761791	1.64410706588905	1.59222359933917	1.55228438393153	1.76001478685806	1.52172244155746	1.73968250320545	1.92102710631419	2.22873564727704	3.31368878318357
"rbcX(alr1525)"	4.14547872906592	21.4955119178382	17.2159290875605	8.29990349766162	3.21612042614448	2.40238996808305	2.04854899093273	4.30675097002643	1.9264926406422	1.83250001228539	2.20585342967666	1.7676576842985	1.38376700791812	3.89149929140748	5.40823549375715	5.2708352542027	7.20513608696343	5.97738951153544
"nifH(all1455)"	2.34882113564668	16.7714686680858	24.9085215464448	16.8867436679859	8.24477228734725	5.5285308116513	4.91209759287862	2.15859242776236	1.28936311769693	1.25685427099934	1.1545511337621	0.976451757986221	0.832991526485399	1.52278112855871	1.64999746916211	2.04622869505683	2.63685945103045	4.87437331145916
"nifK(all1440)"	1.36010386766803	10.5002025406344	19.0296624160859	19.7368895066127	18.8774541060242	14.299694247708	5.23171270418992	2.43217060135598	1.13935957936726	1.04115373680242	0.822306242373493	0.560223098834379	0.465926659560457	0.368811180717596	0.640214402891629	0.793416520080385	0.824907529249139	1.87579105984402
"rbcL(alr1524)"	0.0924206679844651	0.519467555588758	1.47774617889893	1.88317552510053	1.17730412350591	0.915683158338929	2.02802524770238	9.14456948031824	43.0565389385685	17.1495055263328	5.02701833291248	2.94388177169343	2.00283889216045	2.57414962708381	2.94667261320079	2.39243778435805	2.63324192064115	2.03532265561034
"glnA(alr2328)"	0.261249799554939	0.843237680495391	1.13301209130003	0.884430149679742	0.540118645298519	0.406344042615099	0.384204281758608	1.49887691380854	3.65224567214776	35.9919546708914	39.3689101077126	9.71671099936895	2.34173521584635	1.13662421463964	0.659563471014945	0.38003793337975	0.343175596117598	0.457568514370151
"hanA(asr3935)"	20.0390607106767	45.152188555227	20.8826289059793	8.04319689583345	2.28841593625056	1.20564869238014	0.601944166641008	0.384096964171175	0.144860034151187	0.162449587197467	0.0763472987571844	0.120384444616898	0.0638809546526885	0.0906417166146091	0.131341783161152	0.18278220708471	0.144301766115975	0.285829380488844
"rbcS(alr1526)"	0.845998385857351	4.45880568446815	7.73831137159046	9.98995661282447	10.5738598116724	12.0449896786821	14.9715721576528	17.7767305578692	12.1637244826836	4.26163967615871	1.17896904614093	0.678181222575378	0.385419766437395	0.402486762072992	0.458017559309779	0.506164708589109	0.538497852222441	1.02667466319268
"atpB(all5039)"	0.659646563959011	7.02260224609793	7.00770592567671	4.00322202123611	3.61776889690776	4.91979384935265	18.2390772779542	24.675693574204	8.13171253508002	4.82584870992868	3.33448087096996	2.90180620769358	2.26161807321348	2.27704847733571	2.08781889280107	1.55395527843375	1.38870573548261	1.09149486367275
"atpE(all5038)"	3.02035228200064	5.8396438888784	6.58158101536143	7.39787087682757	8.42713897171091	4.89307433949715	16.0561499973641	23.4464071984369	6.16022066701974	4.07389786612828	2.20357112141883	2.22990773909547	1.73074798193323	1.91152064522972	1.89950453824264	1.43019054704371	1.41358109613077	1.28463922768059
"cpcB(alr0528)"	0.374989036563755	4.67983382410046	8.75835255975276	11.8803425297121	15.604636638756	25.3461732170553	20.6260514671422	8.95443204461411	1.65738387687499	0.674409670421346	0.305614249684161	0.226284598674634	0.154786131672832	0.190702856520577	0.168702384213081	0.141288435995112	0.130805109186803	0.125211369059739
"cpcA(alr0529)"	0.565915796942013	5.70012165107781	9.51002635191091	13.310552039495	15.8548883011905	22.6807951750235	18.7550401554614	9.14359229701342	2.03052688736649	0.799060999793738	0.355867667003759	0.261367590907942	0.18663608067162	0.185444523732644	0.183178813676182	0.147559681403971	0.164475550785405	0.164950436543622
"cpcC(alr0530)"	0.247120247001525	1.57455523189518	4.78861883630774	8.45290454948841	13.8233917882686	19.22003390764	16.3411843149507	14.7673654173242	3.51952997436958	1.74781581968513	1.15824446495845	1.29084373371724	1.24910177539636	1.78363866709188	2.36907790716364	2.28715946358821	2.78189747022094	2.5975164309323
"cpcD(asr0531)"	2.49020582173715	9.85366419984851	18.3974549748225	21.6378261307054	14.1170025410507	14.5367214055534	11.8047042534274	3.4787545380573	0.842444582405441	0.435216288197508	0.26280342911192	0.248576617632155	0.228992337772756	0.198437839679986	0.248035726494031	0.257884374128368	0.356050700934969	0.605224238440501
"cpcE(alr0532)"	1.88022518516285	30.8393687560846	36.6281306199317	14.3560150880314	4.93620084394177	2.29672149875117	1.18890682045319	1.10530030451756	0.786361869987123	0.586475470717005	0.508899470307863	0.460866352863866	0.504609517473976	0.50960973700436	0.559930436930542	0.648130398241488	0.770574824907503	1.43367280469202
"petB(alr3421)"	1.5396070068415	4.77399403382316	11.7830838864933	22.8418649953789	16.9898605221934	20.6929609162508	8.62950593932763	3.99434260870293	1.76931766914388	1.04559197338557	0.754336424003757	0.688296369520273	0.876434220761364	0.614324504533188	0.671631747752064	0.559293872889061	0.591834126566231	1.183719182433
"petF(all4148)"	33.9540739045508	43.0369009742593	14.6516687574938	5.42454496729179	1.13337405603993	0.54753559503732	0.224659837866311	0.215710894187402	0.126522205030098	0.0919847940938172	0.0778774770360249	0.0679937704185052	0.055643085443087	0.0441091615350433	0.0587634665315885	0.0479820988904586	0.0579661983401135	0.182688755954632
"isiB(alr2405)"	18.9423289146764	51.6053852205228	19.9763022791996	6.53103849431706	1.59811814069402	0.542286424416357	0.288106006096357	0.183372242386932	0.069084885184636	0.0466479982685818	0.0249593738259282	0.0320970080754841	0.0266574832034743	0.0242044933069206	0.0268091450664619	0.0220406530880405	0.0227407808444326	0.0378204568264794
"cytA(alr4251)"	29.75802171733	29.8013385286322	17.3017528629601	9.80311645417398	3.63599675270985	2.0879904770316	1.23658635599313	1.15801508917293	0.801101521007684	0.753250529786546	0.499420175799452	0.439006511919223	0.481473424199805	0.290419755767865	0.529468506377894	0.425814055832891	0.406268924391762	0.590958356913168
"psaC(asr3463)"	1.02264753577824	2.4219096835181	3.1082782322764	2.11181562775122	1.3793811495348	4.74676283843692	11.7772642199625	13.6800260313491	6.31595100487313	4.88231508035706	3.69364910928204	3.59129241818777	3.58821263575296	5.26523105136359	7.27249614729432	7.12951049781049	8.62049275703314	9.39276397943826
"avaIR(all3631)"	1.40908232562421	9.59940317640499	37.0461862354328	25.0292872212637	8.65369020798208	4.96374293404758	2.60713291813105	2.26134360992406	1.30643030381997	1.32429859933794	0.736236054098461	0.758695877738945	0.719819306942833	0.651153158439188	0.658404300505236	0.641195553625515	0.650488176585367	0.983410040096002
"rpsU1(asr0742)"	0.933586946414055	2.29118130161466	2.90449395703207	3.2127728004096	1.46892818022716	1.27095057927637	0.929857908747713	0.868861300273477	0.717472656865307	0.978412461968588	1.01314226552912	1.19649036224323	2.47491719622673	9.40261908129593	31.2926278974493	14.6669733488005	14.0339410661771	10.3427706894491
"ssb1(alr0088)"	1.00886246089868	18.2772055410904	39.741248577853	17.5818532983997	7.20463106418559	4.08941488557418	2.78651087540975	2.0507043250672	1.32612550349542	0.722420163705056	0.426716482216873	0.402106076374834	0.474357854201073	0.475055559448188	0.575440873050198	0.573250525468067	1.18027335490973	1.103822578652
"trxM1(alr0052)"	35.5078262513304	31.8714596790404	17.0300125771941	7.02930199876793	2.27893932107503	1.13134277091786	0.652904403952259	0.502534436157751	0.315383476864101	0.257850821977705	0.201383384659409	0.229951565647836	0.1673140189572	0.144017347250324	0.19921345919028	0.325163515715345	0.603461622560611	1.55193934874141
"ntcA(alr4392)"	2.5570021776225	25.9959654641161	30.166915883854	15.4174527767096	7.01759356501626	3.99597227436851	2.20821298388968	1.50905270335953	0.933112096256702	0.809918644361312	0.733553502047315	0.7327252676519	0.88843554918982	0.763655953788067	1.03920542539056	1.21809427814401	1.36365570589236	2.64947574834181
"atpI(all0010)"	0.923401796785409	10.925588225586	31.8893168235216	20.4825260247374	9.80259908916109	4.72209827049076	2.03213434498518	1.3245602676084	1.25914433777278	1.13418681996518	1.28212289319491	1.23749134270586	1.58706833088083	2.10120116516592	2.4227869942393	2.30547607968041	2.33584937377248	2.23244781974653
"atpA(all0005)"	0.212409912847827	2.23478664230828	6.22422340548781	5.1560618054149	3.39078183985116	3.59133619223256	16.7690791475083	26.3910244199486	8.13121563953432	4.69365172083107	3.35511430533162	3.26545792623255	2.57225568464147	3.33853155051013	3.60257283928255	2.6130409487952	2.49567445665671	1.9627815625849
"atpD(all0006)"	2.32688844695463	18.5748950799908	18.7246845072357	8.90744513541487	3.27491275421885	2.24861343871641	3.50143789703267	7.59709173355584	4.35854422980855	3.80980682913132	3.36613768698994	3.8103494265979	3.80113777654387	3.96776700980119	3.44004351108379	3.04530828427307	2.86107449237948	2.38386176027114
"atpF(all0007)"	1.24189162531793	15.430227111133	33.7520907169921	18.019916699083	6.39363932309544	2.85066417865399	1.35763929606459	1.45630526796028	1.23625749486265	1.68446652297953	1.50866605817997	1.64048151239458	1.71668171054391	2.12608505306644	2.39372418404977	2.35101982808562	2.62014807867586	2.22009533886135
"atpC(all0004)"	0.502116233006496	2.04770025835056	4.33610232368019	5.96375514232342	7.28484083616582	4.35967984633523	16.7876337556188	25.6323341155653	6.89732032077193	4.58040211044858	3.59989291221291	3.54582865242319	2.7027226913576	2.90488548789683	2.77359365769376	2.23354179423196	2.21049853766631	1.63715132425112
"atpG(all0008)"	1.47598205573449	14.3836467525137	26.2488531065414	14.677784515688	6.3444139774063	3.59420504598833	1.70534166093278	1.86871518447216	1.9457781570847	1.98810082074274	2.35231439632157	2.40948316204581	2.93534672676999	3.5888879647389	4.14023926821477	3.62948495023443	3.67586008105948	3.03556217351045
"nifS(all1457)"	2.08969390085456	16.727691843274	36.5150315490258	21.9565934498173	10.1980430527936	4.55274678094696	1.92494436913361	1.83107025834924	1.0615565963406	0	0	0.761644941945904	0	0	0	0	0.693488579316013	1.68749467820237
"psbO(all3854)"	1.6318770739485	29.4379299280286	40.9743599856161	16.1753193272844	5.07437205826442	2.31637287143732	1.02533836662866	0.566873855932377	0.304380028860818	0.213178058243123	0.192483674780663	0.190593811335715	0.187728217945229	0.204258114568308	0.286700516980031	0.363048215028634	0.41744405173318	0.437741843383884
"hesB(all1431)"	19.8272857916573	37.9507050919853	19.1191696299302	7.64417241398917	3.48341925053615	2.27883617199311	1.55757018005729	1.2414917993317	1.56101636338121	0.838602346321655	1.4514208767432	1.42193828908248	0.707597852314461	0	0	0	0	0.916773942676826
"psbB(all0138)"	0.427028456907689	1.31622467609728	4.64812475781517	8.06507074503499	8.48329987801574	24.328137237258	22.6649942720348	12.3862651575785	4.83030389975015	2.58489627272703	1.58527668544672	1.22339185653746	0.893189433661609	1.16066477746429	1.23770676971435	1.1831109627243	1.44661829571367	1.53569586551824
"trxX(all2341)"	20.761536994648	33.8699115668525	20.4243375608582	9.90215049756371	4.08921375560671	2.11529819327449	1.01692334851513	0.858684703821723	0.51444449815735	0.459565970199098	0.397137231307196	0.380233944425621	0.378857204719014	0.35593089672348	0.51264711358923	0.853592999923805	0.940115044752701	2.1694184750621
"hepA(alr2835)"	1.21645604540427	5.52764339349251	24.3849455291789	29.3526371075123	13.9515526148825	8.4683729718396	3.769981031432	2.62435080717888	1.51271204465787	1.15606072906055	0.960206905407877	0.795395606839754	1.08533508800615	0.724027136509516	0.959451891354981	0.942020362844765	1.08470037517805	1.48415035921957
"rpoC1(alr1595)"	0.930154791288641	2.28754359760732	3.45014678856131	4.97126406306819	3.79861143632554	2.97978478289085	4.07985278594256	11.4096643598981	11.4180780595092	7.70674890460954	5.70582956118107	5.07931302265378	4.73175407541619	5.70595289437761	6.69746410102201	5.6605184235731	6.44831401648497	6.93900433558995
"rpoC2(alr1596)"	0.885003756002382	3.54927794148926	7.73634411372945	8.96898510552261	4.43838711439465	2.86056319055724	3.66710051483337	11.2396998907209	11.6884101120985	7.62876266471501	5.3865420999155	4.74319696124138	3.70111092722469	4.58029581158858	5.09767055180078	4.45730589521433	4.78938411861589	4.58195923033544
"sigA(all5263)"	1.17392153008067	3.12841707265057	4.5100151318135	3.9280929090308	2.15325188635525	1.9609934256134	3.05247144050281	10.3800904203571	10.2339082391286	7.77524803722265	6.22185236424548	5.36506976265426	4.64877837952714	7.02312472781515	8.42114012283464	6.39569079681899	6.58037292029895	7.04756083305005
"hetR(alr2339)"	0	0	0	0	0	0	0	0	0	0	0	0	0	0	0	0	0	0
"ppc(all4861)"	0.907956171211137	2.74398818385221	5.09883145113352	9.32118073918508	10.4558089052172	7.82792196464996	5.93724932033689	19.4766323163359	11.0051942877426	5.28689970319828	2.95985228664853	2.41818319347483	1.90817969143363	2.23522703757724	2.63194714306112	2.66864385347399	3.12520911505723	3.9910946364107
"alr1448"	1.07861671624828	4.13231385340967	10.0219449860093	33.4167426024649	22.9041165341897	9.06158253914056	4.37610036066144	2.97490078476941	1.39049744879899	1.20377287927648	0.979464453903043	0.943160931144498	0.880623679655545	0.855574784326596	1.21609680010371	1.34254383464781	1.47799662335534	1.74395018789475
"alr1449"	4.03004462879619	22.8447924216597	26.0795650918292	15.3329622817465	7.01223884416536	4.41132778244539	2.5811630917314	2.44367261781763	1.37179800547961	1.06879473930197	0.918504939791443	0.757476424753908	0.779255444781566	0.734752444857308	1.15863428230647	1.61779088481031	1.76352309481995	5.09370297890606
"cyp110(alr1450)"	1.19431030985046	9.97158589225802	37.9711023951835	22.8978290989149	8.2786964537618	4.43263013258252	2.42239794637614	2.01519301698624	1.08786820763742	0.948871444611263	1.12683760045637	0.788917701058935	1.14359537995438	0.687870992146542	1.06855601158108	0.953337502704504	1.54956352988499	1.46083638405101
"cpcF(alr0533)"	2.93166107303581	16.1228793491879	18.3684880604856	13.4576382418816	7.44609603769743	6.16531452386992	6.52660549219979	5.92388189412593	4.15656780699881	2.86284610517115	2.14400913548846	2.05607819329619	1.49107728363883	1.18830106116303	1.83439236825952	2.3777211590195	2.49366765725049	2.45277455722997
"cpcG1(alr0534)"	0.573759530934714	1.6759500653203	2.4076275664165	2.31406376078479	4.18748156043144	25.5231927863796	40.1555075450458	14.9338518847137	2.84575553123281	1.2906933302806	0.654618497069156	0.510599444046998	0.457971651240094	0.483402780817687	0.506156290655977	0.443177437958733	0.456945112500216	0.579245224170901
"cpcG2(alr0535)"	0.617986612274009	5.13857884728029	17.0956006704996	21.8112720779889	14.1032209267384	12.4889198889608	8.32348890475531	5.4253937256602	1.8977821066383	1.44822430757065	1.14995783471738	1.26658405343976	1.19683472876873	1.4167797650342	1.53937660032966	1.55521388077025	1.84666935253246	1.67811571604101
"cpcL(alr0536)"	0.53139923616573	2.13778508923081	5.37289613557041	11.5066875359567	15.5507188378601	15.2664303885153	9.15237523115627	7.21678255510383	3.27521912836667	2.50799526962093	2.00348283602351	2.31540320189936	2.32571450374494	2.96838169576555	3.62357419899508	4.06532699367793	5.00628090523347	5.17354625711346
"cpcG4(alr0537)"	0.594524579348292	2.04066812771907	3.45859160161498	4.32421753863979	7.52399851869701	26.8333053614687	27.794543226127	10.4584484533577	3.13645998527382	2.17639434276724	1.2304555280536	1.19451062484634	0.992992513361389	1.3090060283571	1.51701963262365	1.5600391954065	1.93345957429881	1.92136516803903
"agp(all4645)"	0.630589621753342	6.00296685582666	29.9772820727633	40.8193356111707	12.8667398194025	5.09543667014201	1.5882607427366	0.793364795065357	0.383796315010731	0.282630909633278	0.199581303376907	0.189045629076919	0.162620446939678	0.158050238580376	0.183643988040765	0.195844079515597	0.204004331796525	0.266806569168705
"pecC(alr0525)"	1.53162655570564	11.0550336284399	16.367369605971	11.6126530842488	5.38522114803931	4.11895518623048	10.3570241046148	22.9596531117865	5.11411075781442	2.09049352764438	0.944631848066298	0.808701102274997	0.724331087310627	0.911638821285904	1.26867346035481	1.30497252028382	1.61297200638611	1.83193844354213
"psbA3(alr4592)"	0.366307785362275	1.24584598569242	1.79045116471934	1.80257469413197	8.45661779625644	25.0902267609216	24.9903971097007	15.795688356664	6.0469323343859	3.27404484151418	1.69666063161837	1.51948316778517	1.13847442204883	1.22440081819289	1.43355815695195	1.27332420754266	1.40262237993077	1.45238938658059
"pecA(alr0524)"	2.8266395107749	34.8656277468512	38.603795931452	15.3761333304225	3.98147874218665	1.37463651071185	0.888694990931761	0.859138313108612	0.266933671745928	0.177662182709164	0.0951283583818679	0.0993721901413133	0.0942593937111086	0.077550328386025	0.0796405196201626	0.114711637736531	0.0900314490272177	0.128565192101234
"pecB(alr0523)"	2.32926934754136	30.5900667109023	39.1945701935507	17.1590968892561	4.68302801860892	1.82385089343925	1.24827904322946	1.24611851897831	0.419592323940162	0.26092124368154	0.146132669086931	0.146043850583641	0.101176574997835	0.125106119177568	0.124186250527286	0.119365044695483	0.117237823419743	0.165958484383413
"hglB(alr5357)"	1.07358251732207	6.7238911254452	31.1583102774716	25.83365411894	10.8710175171993	5.76878308603873	2.65060419080174	1.81355321381956	1.7949373114126	1.07819648638032	0.915990297718241	0.891526569958067	1.28337379283887	0.901115517159685	1.13156126475448	1.20536515064667	1.68951995608313	3.21501760600975
"nucA(all7362)"	3.95395122785379	36.7872402144998	30.6673629160234	13.4938733330457	5.51680205136657	2.55533474414764	1.3358903011363	1.56572568194159	0.597580163718246	0.53023977277112	0.367750565893293	0.431560869620965	0.295357586747397	0.253918729529228	0.598642745317508	0.393679538120746	0.275604233451422	0.379485324815274
"gshB(all3859)"	0.888259755814167	2.87929775437917	10.0661062066339	43.9713858900306	26.7361546226468	8.25963210577003	2.61920247701706	1.27183362726644	0.551768433755969	0.531316829723591	0.302471222688102	0.345251306168997	0.260824191489659	0.213062926496505	0.325176101101691	0.261549032283187	0.224298752372517	0.292408764361526
"ftsZ(alr3858)"	3.73852742429067	29.5467934237876	29.6763551705306	15.7358670833985	6.12821569384663	3.25204320264743	1.82685980708962	1.4259650038121	0.893887004795991	0.855841533644429	0.565986057129891	0.540552511258533	0.467849114139162	0.477646828446534	0.726007995232674	0.837358884503986	1.05771921510772	2.24652404633785
"all1601"	2.0092571532223	14.527924157579	32.4789736541682	20.4425657054887	9.70384327910953	4.33157450207173	2.70095153409131	2.43913891999245	1.84449410659598	1.25440991364515	0.754754452057636	0.643763045998809	0.626468859663353	0.520144831319505	0.799331479890054	0.974690169506575	1.49899611571566	2.448718119884
"pgl(alr1602)"	11.8818631323941	47.8108956381484	21.4991109245863	8.78227702131439	2.72439529621406	1.59313317267369	0.90451048092134	0.939408618849606	0.385033224334778	0.487451911620457	0.334414064231642	0.403944206937202	0.40180754206897	0.400386879429337	0.206204532194864	0.3811423664062	0.336886367435229	0.527134620239341
"fraH(alr1603)"	29.930408294301	48.6797366832916	12.7016251367915	4.71391178976411	1.22401503478627	0.664035449986719	0.404747220796855	0.380749650995903	0.187031247031938	0.159353923155191	0.123056380474596	0.107781092932873	0.118927848947848	0.085488501682509	0.0797961081101592	0.182071614954017	0.0812373448509744	0.176026677145912
"fraD(alr2393)"	1.83019866369593	6.39827035288389	15.5560927308271	21.2365788775768	13.2109206669006	7.35870680601319	3.41703589637463	2.22203510800021	1.38169475849018	1.04267090333511	0.911172977343411	2.31685930201181	2.40350026416334	2.96155521081122	3.28760065712092	3.72212221450883	4.78672159612861	5.95626301381418
"all2391"	5.58605614171153	14.3626204237497	21.1485509256296	22.5098995136675	11.9237600460477	6.83552517109071	3.41019949402634	2.11656738348611	1.16516879785519	0.849769056311954	0.690893576683919	0.681428553911228	0.654174675391049	0.822290036017085	0.982881435245662	1.36305855685428	1.8593290626115	3.03782714970899
"psbA1(alr4866)"	0.691977350682566	1.91305344203456	3.13428011002364	3.28569024394247	7.96479519168976	24.5488873139652	23.3648197525678	13.7394418122923	5.69068826907119	3.09446353446141	2.06454492257343	1.68910005545187	1.26427447047859	1.42668588597672	1.49042341351293	1.43958746786022	1.53027237387501	1.6670143895404
"petE(all0258)"	38.3968383270603	26.4199741274291	15.9732373169709	7.45612772273019	3.82719830868137	2.17679670775405	1.51396912276337	1.07074277076242	0.534669042044322	0.44013002195271	0.284688939161379	0.24097912115238	0.25379215894981	0.192526881314433	0.258733057123903	0.276875058135299	0.261622896915646	0.42109841909842
"leuA2(alr4840)"	0.970784969141229	4.03221087965186	14.4672522999186	37.560196080596	20.1142690099147	8.52965085092335	3.81320711430159	2.47717251167252	1.25333709730437	0.816975818662809	0.728725777782409	0.600489789765702	0.739763067583041	0.670622847762687	0.638352788991119	0.664852709404963	0.735267922680224	1.18686846394281
"gor(all4968)"	1.27201910292086	5.37374218519493	29.2535290034883	38.527141684247	12.3245039939337	4.74845732806946	1.74046813356909	1.17921546256568	0.905320205874556	0.753838664846949	0.45555473211751	0.434501363413141	0.509920147793288	0.384512769487963	0.457139353087076	0.446303284804924	0.431308202840115	0.802524381745515
"fbp(all4021)"	0.960446213066872	3.94003207192055	4.87699046870542	27.4953862955323	38.4558094372217	14.0833792417257	4.41906048924698	1.83161687320567	0.79746322071709	0.65441958769358	0.352443328965792	0.326569691671567	0.279857100082716	0.210391114915966	0.313657487563684	0.26530939560466	0.278344209862018	0.458823772297757
"zwf(all4019)"	0.522984310637493	2.03849111131699	4.60237710168696	9.69681633725398	35.8159564580364	31.171344834954	8.65463930540455	2.97832682818775	1.0262345407622	0.612812329285062	0.464275814151533	0.371925730182956	0.35432133016367	0.247900884003342	0.330923542152709	0.319540617809156	0.359623771427733	0.431505152583537
"tal2(all4020)"	3.17767848809344	20.1241202631312	26.623215870213	16.4246924321515	7.09667302683712	4.54834793180069	3.24467003293231	3.72616325761241	2.28528562484827	1.9505828283651	1.37853247993098	1.22048361822621	0.958001884777844	1.09267093627296	1.20469217381028	1.31509865083875	1.50190741797324	2.12718308218475
"icd(alr1827)"	0.588295324943214	6.46231740685514	42.6610522086552	34.3468740111075	9.47588058182241	2.9752061483493	1.00932040500923	0.627132794112452	0.309119541562662	0.239555913314913	0.163296496174743	0.175641285527641	0.163416551223784	0.134012188081708	0.144987171627118	0.143778235618681	0.141299009778339	0.238814726235922
"pknA(alr4366)"	3.55603709884	19.439390130504	33.1432007250931	16.2654715584882	6.61947152016634	3.58816799586796	2.33413616095514	1.9241437569315	1.76407606141897	1.29477650374164	1.30156245943589	0.687933109758966	3.46583124948049	0.676183992570036	0.944037423331168	0.816161508668245	0.860323482016386	1.31909526273195
"argD(alr1080)"	1.07303310560498	8.25864578272397	40.744694576648	28.7714828767508	9.25802927625672	4.36122948839521	2.20760679136634	1.31691377484246	0.744575436477813	0.483304904982809	0.306347736315939	0.32475225261664	0.365163236658336	0.253295929991036	0.284570476338215	0.317074253428255	0.344801629523516	0.584478471078963
"argC(all2498)"	1.45653641030079	21.8166905638404	44.1154727436834	18.230643886281	5.90877413562779	2.40283742521088	1.2969656671614	1.04390112865353	0.539576398330564	0.480186928683635	0.371644042391682	0.456458480237367	0.375589632444805	0.291056330686684	0.269682789575346	0.281534426118276	0.311214126261694	0.351234884510729
"gatC(asl3192)"	2.46168405904877	29.1782192752965	37.6513795828191	12.7506475394362	3.90250045885903	2.18960298227226	1.84696180017968	1.98388686324558	1.30769404788953	1.0123835544016	0.802185735595265	0.748636143161865	0.726938072429033	0.56799687378816	0.968602157241803	0.748280640415172	0.548204953757192	0.604195260163269
"recA(all3272)"	1.82047512083886	9.45669223401402	17.3004337258311	20.5977929352097	13.2241174287357	9.39743605297842	4.6769694210102	2.85483494290808	1.88776376846084	1.5205561994848	0.998228496394233	0.912096279851213	1.01699035523146	1.52386192452465	1.66446725568161	2.41064807357017	3.00580936445796	5.73082642081691
"acpP(asr3342)"	15.4650751346985	43.1075890701079	23.9538262863979	10.2060499799562	3.29277203850054	1.40499845087548	0.647891578817043	0.593165478997854	0.249809209545153	0.161042060478948	0.112769667153226	0.117869553865659	0.153470423979319	0.189794344865485	0.113350683424986	0.0647168745472916	0.0646759740639451	0.1011331897245
"gap2(all5062)"	0.813752568399425	11.5408398028759	33.1188934935769	32.6706983765218	10.6112133786297	3.98752840245326	1.43612020641291	1.02956302698609	0.571883820284416	0.442127761493217	0.358566926483161	0.361463439086102	0.305298107626846	0.381249587446105	0.514127307349295	0.526676965468843	0.637213767467485	0.692783061438542
"rca(alr1533)"	1.57018538518248	9.84472425334508	22.146177010913	23.2037643232242	12.8933409500561	7.100302565246	3.59817993139301	2.3727399510115	1.33509948688016	1.01725055246859	0.740424032282178	0.632009136573169	0.71435827643236	0.903884954740105	1.31141757942571	2.07424928302063	2.88728450045171	5.65460782735406
"petH(all4121)"	1.83523779055578	10.4073698530755	8.08200213547287	5.80769110728154	4.37969871795073	7.78466203743578	22.7600751924193	27.9645718794211	5.25053405938431	1.87882796424271	0.577115295846435	0.38419625785313	0.254000289907818	0.321179119305153	0.367381509488343	0.437627994326738	0.477434352606012	1.03039444342678
"tal(all2563)"	10.4515232028622	34.0383689524139	29.0063472346845	17.0800699466563	3.80624315768362	1.60113741648267	0.800950925412654	0.640054132824416	0.311510267394855	0.341901325825505	0.228059857205205	0.282957768012696	0.23765455765296	0.195007948659427	0.206368352544132	0.191549704627405	0.168080755178041	0.412214493879526
"psaF(all0109)"	1.35053038546361	4.71451793271503	5.35728708994829	3.13896901929997	1.98655673287396	2.79852014131781	6.31934280984589	9.27354766527678	6.15455414334988	5.32143489852414	5.0277598866387	5.20858676252855	6.23198729094841	7.25810053096305	7.42186895961898	7.48783579256462	8.14286957657478	6.80573038154755
"psaB(alr5155)"	0.116669465336492	0.503614940452755	0.674954067912123	0.93073968919787	1.09165829369817	3.65617431178474	8.85386835096169	11.0004195075285	7.81333517466757	5.90461127286733	5.07766492366139	5.18545567614098	4.61007386007379	6.72166775308879	8.53136755134022	8.98991972401701	10.6518924119044	9.6859130253661
"bchI(all0152)"	5.97943038356979	36.6347738106237	26.1606769853411	12.2398636224212	4.52336380850609	2.53477615039475	1.61719170294119	1.30130937682052	0.8510677231425	0.944759951989322	0.62603789649461	0.576323549686012	0.56248668383895	0.537221177904306	0.722641064928154	0.935140215037705	1.16421295791488	2.08872293844526
"cphA1(all3879)"	0.99930423220445	4.12279216397523	9.35973456346966	16.7452383557994	27.256552024892	17.5306508645723	7.02893816174397	4.1192020115579	1.92957356981036	1.26161511852539	0.910421402642239	0.886340410128325	0.712243084450935	0.77271166327999	1.0250590444385	1.20891657188279	1.38751122741978	2.74319552920676
"psaD(all0329)"	2.22964112567926	2.95282325709187	2.55950642656693	1.90756800079254	1.39549364184807	3.16470794627348	8.47708480300023	11.9119810689399	6.07980120117937	5.47139971314792	4.15900397569379	4.69419225342596	4.72860953189867	5.96172936603064	7.42795948164946	7.76504444591281	9.58898764639297	9.52446611447615
"psaE(asl4319)"	3.68709456529574	7.81209573773833	7.52065765359621	5.2138924450256	3.72725944863061	7.07325753501809	9.72721699824422	8.33897136365234	5.18074893055006	4.44019109506048	2.73446352241509	3.50207265292846	2.72157493961958	3.46852810624001	5.03537482631805	4.84948296473674	7.5045236751828	7.4625935397476
"psaA(alr5154)"	0.326934520558345	1.13329496590425	1.43332052998287	1.92061389338775	1.58418158259776	3.72542219532832	8.06059144374499	9.87741327904189	7.29071258228324	5.45584022598672	4.80370165654459	4.80263820933295	4.36918903108588	6.48162906512943	8.77767483640978	8.80389599895838	10.7196314362909	10.433314547432
"psaL1(all0107)"	0.655208134022475	8.39120645461103	14.6148104983355	5.84926344525628	3.34776153573898	9.23634254485736	14.3923440917799	13.0056508143392	5.8764531643698	3.74544205377733	2.40751572506375	2.15710134577511	1.86903017340431	2.11662620135861	2.52827182466187	2.79608901903641	3.46832710409545	3.54255586951658
"glk(alr2973)"	1.51691881860694	24.9533465274878	40.9127812011097	16.1850839165117	4.75673261014849	3.11649741780424	2.03385105257821	1.5714323365025	0.945667174612224	0.487168758193243	0.342244944081586	0.325986892736789	0.302152026836546	0.248251537727406	0.336487545595367	0.362735010629948	0.403974138618331	1.19868809021899
"maf(all3075)"	4.80132017303466	39.608014159165	30.4327470511939	11.8418810443499	3.91960191322653	2.11352724901392	1.28170268416275	0.983987826882971	0.690145483310821	0.618695818714694	0.588766112462724	0.529154603474196	0.456236912332913	0.311716158681341	0.408443185941385	0.397511095232199	0.389757601991027	0.626790926829044
"nifV2(alr2968)"	0	0	0	0	0	0	0	0	0	0	0	0	0	0	0	0	0	0
"pyrF(alr2983)"	3.72300808983793	32.7899220997251	28.0122871552107	13.760815657989	5.86587587658558	4.08888284861631	2.28754819481361	2.09699766506365	1.04311747092093	0.923892810676223	0.707367690203376	0.510990323536475	0.844727408640845	0.47196628293745	0.696918359828734	0.827029586665785	0.580803530852918	0.767848947895346
"ispG(all2501)"	5.25009390996831	35.7622427954555	28.3685414808263	14.7348818010705	5.79824714075299	2.74065852510684	1.3352641089171	1.00127847896049	0.648388277129867	0.571956649670308	0.482324443439962	0.520977999427197	0.420484159345487	0.356434107506446	0.368246475973215	0.468756522634871	0.434172856406892	0.73705026740767
"all0985"	3.94118303851068	33.9912548282177	28.0165339878435	12.4750309644538	5.36431456663848	2.97102382475933	1.79163210354134	1.50218762178168	1.14769102311446	1.04197201663933	0.902410054217641	0.88127479170252	0.696287876001762	0.670420070352218	0.784227275322659	0.903757758995595	1.12188269409373	1.79691550381357
"asnS(alr3658)"	1.07196636157739	6.30400087496476	30.9537470778171	35.4205794239033	12.0575182070588	5.34375818388881	2.05911884630242	1.35538165003041	0.759650754656696	0.666554872871746	0.497768828993097	0.424873094191072	0.444888928003554	0.367514404701773	0.47577261253359	0.564162014207914	0.449789253947339	0.782954610350127
"cynS(all1291)"	0.315184029551952	1.6391190898234	4.49828960643208	26.4586519632771	42.3812800876739	15.0566279851345	4.90232112174433	1.73067544878584	0.628058105098598	0.377738957069654	0.27774205303246	0.227071639348146	0.249020685166849	0.22125477508741	0.203248866683962	0.242672290472504	0.253071205391113	0.337972090226193
"pdxA(alr4755)"	1.84088910029134	12.4735740477725	36.117442028877	21.6211417245036	6.39298931835136	3.37883848177187	1.61956450155548	1.68092125751555	1.18938172416629	0.829919344085722	0.774448932806217	0.754403341962381	1.0902669828495	2.03533430980884	2.33476769014468	2.33532141012354	1.68628801535521	1.84450778805897
"gap(all2566)"	1.91527244932288	21.7228139024623	32.505236003223	21.1464767369517	8.26171695204461	3.99803595168715	1.77823184242852	1.27099005903809	0.724695011989873	0.683506702242675	0.569443378927914	0.46808154885842	0.38124156567715	0.457309060106975	0.747104631988175	0.821923081928481	0.981498057190625	1.56642306393135
"apcA(alr0021)"	1.89521440432277	28.7052041501129	35.6177366477482	19.5893883547354	7.30999926249827	3.42684351296875	1.47402409201579	0.826211100263107	0.269245641163374	0.182730981957568	0.127168030097094	0.0994956156117444	0.106225869207843	0.0755848264696409	0.0635931695323475	0.0702762009919605	0.0510939420889788	0.109964198214322
"apcD(all3653)"	1.88223556588937	27.6935050795339	37.1958969448454	23.3833375237132	5.13336857959992	1.77860140332302	0.741248696528728	0.477505363808337	0.272191527475765	0.206831646276685	0.171822013923893	0.169182614258192	0.147561392207061	0.126015033105235	0.141730522982111	0.153377222346571	0.120193171637578	0.205395698545034
"apcB(alr0022)"	2.01011834493997	31.8398917697751	35.4213927670796	18.6781177093236	6.4357230212659	2.92271587927764	1.2890061835626	0.626178026937674	0.200701659752098	0.171780092174901	0.0988134367158758	0.0527120051652943	0.0329094609215335	0.0265501535685162	0.0467564436059584	0.0281950998323538	0.0399976998306822	0.0784402462707129
"apcC(asr0023)"	4.44446492262908	19.9390925690537	28.8248873056906	29.9191324165425	9.60126048751894	3.01320151631394	1.10017745659918	0.678543312851751	0.584716923219113	0.300436546878774	0.202116678611174	0.219793584161741	0.135820043334522	0.114025281957698	0.164101566741548	0.179557292976249	0.15464748848616	0.424024606433356
"apcE(alr0020)"	0.547857640157974	3.68071168332982	7.80804652096344	12.095769640612	18.1281019135935	22.0909877296714	11.8334201587716	6.85418730562007	2.58618476011153	1.6272393346553	1.22949459074177	1.21584342727321	0.949786846548454	1.30569406980749	1.61853608011802	1.71847026464906	2.14446676286775	2.56520127050757
"ppa(all3570)"	1.04369017796867	4.31559486529248	24.1449058507523	44.8147577626802	14.8037856106991	5.04286748836631	1.80146352577996	0.99806362626518	0.414113734401605	0.325468362858832	0.284140610197016	0.243169430568636	0.238466911175601	0.197696354832074	0.299881320276639	0.283469311151038	0.251440413095252	0.49702464363914
"fabI(all4391)"	1.063725087671	6.8869140204695	27.4594012150604	41.1335379132364	12.750607944728	4.37508647309173	1.48289609920785	0.925589390103706	0.43757681287002	0.378402748353965	0.267345471881273	0.222747147977485	0.206423339662622	0.231223482869	0.307789324039165	0.421965381587184	0.442983944766566	1.00578420242413
"alr4393"	2.7622126513471	10.1648468194299	28.4794157879865	25.4820326909161	8.8762679387266	4.33696067528522	2.13544794600836	1.97697092536189	1.49475248325116	1.17410751760567	1.07062253521431	1.15305368578023	0.925472980650092	0.859345438267695	1.14794319935985	1.48307150833667	1.90160222447193	4.57587299200081
"accC(alr0939)"	1.36476146169995	13.937191213339	32.1192878248097	22.1658456969203	9.74905883176837	4.89058909379877	2.53977225204319	1.73291898571681	1.00207689300117	0.912544447998989	0.658609759522558	0.843979840166898	1.08243539403655	0.579739876615777	1.02331287862803	1.17555382988949	1.59536364066134	2.62695807938317
"accB(all5057)"	6.38070150270656	42.313384449516	27.4513910399639	10.6016767790871	3.89004225416028	2.06838471025278	1.3961913216534	1.19352567318184	0.727922004788335	0.535038566540046	0.388228208524086	0.39924210812936	0.382316839615862	0.313714292043546	0.342777435018993	0.442591986824919	0.416057253533954	0.756813574458982
"ndhK(all3841)"	0.657703934635573	5.32929096580954	9.40851425604075	12.0712074724627	19.4242330245314	16.4399168814384	11.9323486942983	8.2500322605619	3.69562844348773	2.40585856863683	1.61954198098751	1.32162976991422	1.10077832823921	1.18239983713722	1.27911830953318	1.22351545275603	1.32056801126677	1.33771380826278
"efp(all5058)"	30.0285657297731	44.4084192851746	14.1028767797718	5.13013889393651	1.5431143563713	0.85480185209341	0.621920142953485	0.618702399629232	0.362917937493184	0.345003826779383	0.235682674588204	0.258401517018282	0.222422622166596	0.1419163912076	0.195828929275189	0.210725211061818	0.225148953725542	0.493412496980669
"nrtA(alr0608)"	1.07969327190888	17.5595155601165	42.4503754774871	19.6904911109547	7.89943949707642	3.61104593002232	1.90588628597239	1.20321217246093	0.687753359330491	0.462838269345991	0.361526394477532	0.383358270468918	0.384336434621295	0.315355176259897	0.407573040702076	0.419180971278192	0.493926734672448	0.684492042844009
"rbpB(all2928)"	18.5949335958014	37.4060119773516	16.8505072145205	7.26452926716549	2.86552543425733	2.16050297844129	1.62503136079543	1.77881209966706	1.23273669452216	1.12601506725816	0.955949550050786	1.5792315480287	1.16352531984271	1.35316020596662	0.816194361617009	1.10778715404935	0.839818871900219	1.27972729876418
"rbpD(asl4022)"	20.7029650976344	44.8743206494465	18.5893357864255	6.94908540637777	2.02492809133883	1.0619981019519	0.669918801093456	0.777632034451651	0.489628342238389	0.544614210003354	0.331839384560622	0.312384301359451	0.3080196385807	0.312625950575156	0.325043549296401	0.353321529913282	0.544714225951603	0.827624898800941
"rbpA(alr0741)"	0	0	0	0	0	0	0	0	0	0	0	0	0	0	0	0	0	0
"prcA(alr1381)"	1.549214174232	21.3552448195024	40.9988749143306	22.170184821487	7.25248046230473	2.45286613174992	0.89054401959649	0.684693082645696	0.391266723260638	0.291220050749372	0.240894525261849	0.237974872816739	0.256987688194819	0.238104524066258	0.235635344514089	0.195417742002265	0.203634215240551	0.354761888044573
"apcF(all2327)"	2.46539864115894	32.6095439649379	33.5091579755669	17.8607787608486	6.13110491200803	2.6489065716598	1.10031252734486	0.747706955056041	0.427654450555221	0.315919545510522	0.255876605905982	0.314387867203163	0.216411130054052	0.180635428331639	0.325834591156369	0.307507750801177	0.238367131009307	0.344495190891565
"psbD(alr4290)"	0.122473894523446	0.552834939308281	2.02837729921972	2.49309566278531	6.8188809440911	27.1080450976326	27.1546268599533	14.4609166076822	5.83180518053527	2.85386330035419	1.81707182243923	1.27585304407384	0.549433891952507	1.24546750532499	1.35957017737321	1.28756550146755	1.48058650600277	1.55953176528047
"cpcT2(all5339)"	18.1044550749566	45.2657933779213	20.1463063328337	7.48947049804421	2.22849105680758	1.34713957919937	1.01729106118985	0.73696202257262	0.526227327792067	0.435406856736609	0.370362604261564	0.317138531450504	0.236800744335232	0.238088382176116	0.312987837951578	0.323905928642832	0.341475159832197	0.561697623295992
"rplL(alr5303)"	7.61942323688384	32.1503433325716	26.8179877019881	9.71264197734507	2.9938669648589	1.64098280737508	0.76622153417252	0.809064594199596	0.433905582640109	0.38152241725008	0.855163134923958	0.628620174686546	0.839472387309998	0.792422244815092	1.05806847131317	1.27904724552156	3.83861599011399	7.38263020203085
"rplJ(alr5302)"	2.3501399237662	18.9904449548787	22.1914027082156	12.8253999236802	4.72090187705754	2.60909050684065	1.28260188695571	0.994405191626395	0.56649758811987	0.59612665225006	0.487359614153414	0.59946149626862	0.748459298539195	1.02855644570884	1.77587957593017	2.70261767517207	8.39733270870551	17.1333219721313
"rplA(alr5301)"	3.93108935668038	25.1331927927169	31.1706506267805	14.6091957468971	4.18549011418369	2.09872396026811	1.10047050989704	0.90845621865738	0.553040769094271	0.625716875518572	0.617939994146902	0.557994277591373	0.558458541827152	0.701086409971397	0.801396417052886	1.12557341237076	1.19762501584251	10.1238989605031
